#       kx        ky        kz      sum |A(k)|^2
   0.02350   0.18500   0.15500           0.00122
   0.02350   0.18500  -0.34500           0.00117
   0.02350  -0.31500   0.15500           0.00100
   0.02350  -0.31500  -0.34500           0.00116
   0.07350   0.18500   0.15500           0.00039
   0.07350   0.18500  -0.34500           0.00036
   0.07350  -0.31500   0.15500           0.00036
   0.07350  -0.31500  -0.34500           0.00040
   0.12350   0.18500   0.15500           0.00050
   0.12350   0.18500  -0.34500           0.00044
   0.12350  -0.31500   0.15500           0.00056
   0.12350  -0.31500  -0.34500           0.00055
   0.17350   0.18500   0.15500           0.00113
   0.17350   0.18500  -0.34500           0.00099
   0.17350  -0.31500   0.15500           0.00120
   0.17350  -0.31500  -0.34500           0.00118
   0.22350   0.18500   0.15500           0.00668
   0.22350   0.18500  -0.34500           0.00569
   0.22350  -0.31500   0.15500           0.00669
   0.22350  -0.31500  -0.34500           0.00639
   0.27350   0.18500   0.15500           0.01369
   0.27350   0.18500  -0.34500           0.01200
   0.27350  -0.31500   0.15500           0.01305
   0.27350  -0.31500  -0.34500           0.01300
   0.32350   0.18500   0.15500           0.03493
   0.32350   0.18500  -0.34500           0.02691
   0.32350  -0.31500   0.15500           0.03315
   0.32350  -0.31500  -0.34500           0.02863
   0.37350   0.18500   0.15500           0.05385
   0.37350   0.18500  -0.34500           0.04275
   0.37350  -0.31500   0.15500           0.05181
   0.37350  -0.31500  -0.34500           0.04941
   0.42350   0.18500   0.15500           0.05284
   0.42350   0.18500  -0.34500           0.04039
   0.42350  -0.31500   0.15500           0.05039
   0.42350  -0.31500  -0.34500           0.05051
   0.47350   0.18500   0.15500           0.01328
   0.47350   0.18500  -0.34500           0.01037
   0.47350  -0.31500   0.15500           0.01349
   0.47350  -0.31500  -0.34500           0.01241
  -0.47650   0.18500   0.15500           0.00248
  -0.47650   0.18500  -0.34500           0.00148
  -0.47650  -0.31500   0.15500           0.00329
  -0.47650  -0.31500  -0.34500           0.00239
  -0.42650   0.18500   0.15500           0.01143
  -0.42650   0.18500  -0.34500           0.00972
  -0.42650  -0.31500   0.15500           0.00817
  -0.42650  -0.31500  -0.34500           0.00919
  -0.37650   0.18500   0.15500           0.01970
  -0.37650   0.18500  -0.34500           0.01777
  -0.37650  -0.31500   0.15500           0.01584
  -0.37650  -0.31500  -0.34500           0.01755
  -0.32650   0.18500   0.15500           0.01688
  -0.32650   0.18500  -0.34500           0.01553
  -0.32650  -0.31500   0.15500           0.01353
  -0.32650  -0.31500  -0.34500           0.01626
  -0.27650   0.18500   0.15500           0.01609
  -0.27650   0.18500  -0.34500           0.01435
  -0.27650  -0.31500   0.15500           0.01483
  -0.27650  -0.31500  -0.34500           0.01519
  -0.22650   0.18500   0.15500           0.01115
  -0.22650   0.18500  -0.34500           0.01042
  -0.22650  -0.31500   0.15500           0.01021
  -0.22650  -0.31500  -0.34500           0.01059
  -0.17650   0.18500   0.15500           0.00639
  -0.17650   0.18500  -0.34500           0.00595
  -0.17650  -0.31500   0.15500           0.00609
  -0.17650  -0.31500  -0.34500           0.00609
  -0.12650   0.18500   0.15500           0.00461
  -0.12650   0.18500  -0.34500           0.00435
  -0.12650  -0.31500   0.15500           0.00418
  -0.12650  -0.31500  -0.34500           0.00429
  -0.07650   0.18500   0.15500           0.00334
  -0.07650   0.18500  -0.34500           0.00341
  -0.07650  -0.31500   0.15500           0.00287
  -0.07650  -0.31500  -0.34500           0.00319
  -0.02650   0.18500   0.15500           0.00176
  -0.02650   0.18500  -0.34500           0.00163
  -0.02650  -0.31500   0.15500           0.00139
  -0.02650  -0.31500  -0.34500           0.00151
