#       kx        ky        kz      sum |A(k)|^2
   0.02350   0.18500   0.15500           0.00008
   0.02350   0.18500  -0.34500           0.00009
   0.02350  -0.31500   0.15500           0.00007
   0.02350  -0.31500  -0.34500           0.00007
   0.07350   0.18500   0.15500           0.00098
   0.07350   0.18500  -0.34500           0.00104
   0.07350  -0.31500   0.15500           0.00077
   0.07350  -0.31500  -0.34500           0.00087
   0.12350   0.18500   0.15500           0.00178
   0.12350   0.18500  -0.34500           0.00173
   0.12350  -0.31500   0.15500           0.00153
   0.12350  -0.31500  -0.34500           0.00161
   0.17350   0.18500   0.15500           0.00323
   0.17350   0.18500  -0.34500           0.00292
   0.17350  -0.31500   0.15500           0.00288
   0.17350  -0.31500  -0.34500           0.00285
   0.22350   0.18500   0.15500           0.00909
   0.22350   0.18500  -0.34500           0.00846
   0.22350  -0.31500   0.15500           0.00820
   0.22350  -0.31500  -0.34500           0.00849
   0.27350   0.18500   0.15500           0.01568
   0.27350   0.18500  -0.34500           0.01395
   0.27350  -0.31500   0.15500           0.01437
   0.27350  -0.31500  -0.34500           0.01434
   0.32350   0.18500   0.15500           0.02777
   0.32350   0.18500  -0.34500           0.02458
   0.32350  -0.31500   0.15500           0.02324
   0.32350  -0.31500  -0.34500           0.02287
   0.37350   0.18500   0.15500           0.03933
   0.37350   0.18500  -0.34500           0.03446
   0.37350  -0.31500   0.15500           0.03272
   0.37350  -0.31500  -0.34500           0.03461
   0.42350   0.18500   0.15500           0.03892
   0.42350   0.18500  -0.34500           0.03470
   0.42350  -0.31500   0.15500           0.03068
   0.42350  -0.31500  -0.34500           0.03314
   0.47350   0.18500   0.15500           0.00402
   0.47350   0.18500  -0.34500           0.00385
   0.47350  -0.31500   0.15500           0.00192
   0.47350  -0.31500  -0.34500           0.00309
  -0.47650   0.18500   0.15500           0.00195
  -0.47650   0.18500  -0.34500           0.00096
  -0.47650  -0.31500   0.15500           0.00321
  -0.47650  -0.31500  -0.34500           0.00237
  -0.42650   0.18500   0.15500           0.03335
  -0.42650   0.18500  -0.34500           0.02825
  -0.42650  -0.31500   0.15500           0.03478
  -0.42650  -0.31500  -0.34500           0.03548
  -0.37650   0.18500   0.15500           0.03673
  -0.37650   0.18500  -0.34500           0.02913
  -0.37650  -0.31500   0.15500           0.03608
  -0.37650  -0.31500  -0.34500           0.03484
  -0.32650   0.18500   0.15500           0.02570
  -0.32650   0.18500  -0.34500           0.02058
  -0.32650  -0.31500   0.15500           0.02361
  -0.32650  -0.31500  -0.34500           0.02488
  -0.27650   0.18500   0.15500           0.01592
  -0.27650   0.18500  -0.34500           0.01421
  -0.27650  -0.31500   0.15500           0.01507
  -0.27650  -0.31500  -0.34500           0.01555
  -0.22650   0.18500   0.15500           0.00953
  -0.22650   0.18500  -0.34500           0.00821
  -0.22650  -0.31500   0.15500           0.00944
  -0.22650  -0.31500  -0.34500           0.00917
  -0.17650   0.18500   0.15500           0.00337
  -0.17650   0.18500  -0.34500           0.00320
  -0.17650  -0.31500   0.15500           0.00335
  -0.17650  -0.31500  -0.34500           0.00355
  -0.12650   0.18500   0.15500           0.00195
  -0.12650   0.18500  -0.34500           0.00172
  -0.12650  -0.31500   0.15500           0.00209
  -0.12650  -0.31500  -0.34500           0.00199
  -0.07650   0.18500   0.15500           0.00109
  -0.07650   0.18500  -0.34500           0.00090
  -0.07650  -0.31500   0.15500           0.00127
  -0.07650  -0.31500  -0.34500           0.00112
  -0.02650   0.18500   0.15500           0.00009
  -0.02650   0.18500  -0.34500           0.00009
  -0.02650  -0.31500   0.15500           0.00013
  -0.02650  -0.31500  -0.34500           0.00011
