#       kx        ky        kz      sum |A(k)|^2
   0.02350   0.18500   0.15500           0.00559
   0.02350   0.18500  -0.34500           0.00497
   0.02350  -0.31500   0.15500           0.00543
   0.02350  -0.31500  -0.34500           0.00528
   0.07350   0.18500   0.15500           0.00446
   0.07350   0.18500  -0.34500           0.00433
   0.07350  -0.31500   0.15500           0.00421
   0.07350  -0.31500  -0.34500           0.00446
   0.12350   0.18500   0.15500           0.00446
   0.12350   0.18500  -0.34500           0.00404
   0.12350  -0.31500   0.15500           0.00447
   0.12350  -0.31500  -0.34500           0.00437
   0.17350   0.18500   0.15500           0.00427
   0.17350   0.18500  -0.34500           0.00364
   0.17350  -0.31500   0.15500           0.00444
   0.17350  -0.31500  -0.34500           0.00406
   0.22350   0.18500   0.15500           0.00141
   0.22350   0.18500  -0.34500           0.00126
   0.22350  -0.31500   0.15500           0.00143
   0.22350  -0.31500  -0.34500           0.00139
   0.27350   0.18500   0.15500           0.00057
   0.27350   0.18500  -0.34500           0.00050
   0.27350  -0.31500   0.15500           0.00060
   0.27350  -0.31500  -0.34500           0.00056
   0.32350   0.18500   0.15500           0.00301
   0.32350   0.18500  -0.34500           0.00256
   0.32350  -0.31500   0.15500           0.00276
   0.32350  -0.31500  -0.34500           0.00261
   0.37350   0.18500   0.15500           0.01057
   0.37350   0.18500  -0.34500           0.00862
   0.37350  -0.31500   0.15500           0.00983
   0.37350  -0.31500  -0.34500           0.00969
   0.42350   0.18500   0.15500           0.02670
   0.42350   0.18500  -0.34500           0.02141
   0.42350  -0.31500   0.15500           0.02431
   0.42350  -0.31500  -0.34500           0.02397
   0.47350   0.18500   0.15500           0.07330
   0.47350   0.18500  -0.34500           0.05237
   0.47350  -0.31500   0.15500           0.06808
   0.47350  -0.31500  -0.34500           0.07028
  -0.47650   0.18500   0.15500           0.07073
  -0.47650   0.18500  -0.34500           0.06424
  -0.47650  -0.31500   0.15500           0.06142
  -0.47650  -0.31500  -0.34500           0.07140
  -0.42650   0.18500   0.15500           0.02756
  -0.42650   0.18500  -0.34500           0.02659
  -0.42650  -0.31500   0.15500           0.02482
  -0.42650  -0.31500  -0.34500           0.02903
  -0.37650   0.18500   0.15500           0.01191
  -0.37650   0.18500  -0.34500           0.01079
  -0.37650  -0.31500   0.15500           0.01050
  -0.37650  -0.31500  -0.34500           0.01150
  -0.32650   0.18500   0.15500           0.00354
  -0.32650   0.18500  -0.34500           0.00323
  -0.32650  -0.31500   0.15500           0.00299
  -0.32650  -0.31500  -0.34500           0.00351
  -0.27650   0.18500   0.15500           0.00044
  -0.27650   0.18500  -0.34500           0.00039
  -0.27650  -0.31500   0.15500           0.00040
  -0.27650  -0.31500  -0.34500           0.00038
  -0.22650   0.18500   0.15500           0.00124
  -0.22650   0.18500  -0.34500           0.00109
  -0.22650  -0.31500   0.15500           0.00114
  -0.22650  -0.31500  -0.34500           0.00110
  -0.17650   0.18500   0.15500           0.00402
  -0.17650   0.18500  -0.34500           0.00405
  -0.17650  -0.31500   0.15500           0.00353
  -0.17650  -0.31500  -0.34500           0.00392
  -0.12650   0.18500   0.15500           0.00435
  -0.12650   0.18500  -0.34500           0.00403
  -0.12650  -0.31500   0.15500           0.00404
  -0.12650  -0.31500  -0.34500           0.00406
  -0.07650   0.18500   0.15500           0.00441
  -0.07650   0.18500  -0.34500           0.00383
  -0.07650  -0.31500   0.15500           0.00429
  -0.07650  -0.31500  -0.34500           0.00404
  -0.02650   0.18500   0.15500           0.00552
  -0.02650   0.18500  -0.34500           0.00523
  -0.02650  -0.31500   0.15500           0.00515
  -0.02650  -0.31500  -0.34500           0.00533
