#       kx        ky        kz      sum |A(k)|^2
   0.02350   0.18500   0.15500           0.00935
   0.02350   0.18500  -0.34500           0.00832
   0.02350  -0.31500   0.15500           0.00886
   0.02350  -0.31500  -0.34500           0.00945
   0.07350   0.18500   0.15500           0.00753
   0.07350   0.18500  -0.34500           0.00648
   0.07350  -0.31500   0.15500           0.00721
   0.07350  -0.31500  -0.34500           0.00699
   0.12350   0.18500   0.15500           0.00723
   0.12350   0.18500  -0.34500           0.00655
   0.12350  -0.31500   0.15500           0.00694
   0.12350  -0.31500  -0.34500           0.00694
   0.17350   0.18500   0.15500           0.00723
   0.17350   0.18500  -0.34500           0.00688
   0.17350  -0.31500   0.15500           0.00659
   0.17350  -0.31500  -0.34500           0.00697
   0.22350   0.18500   0.15500           0.00452
   0.22350   0.18500  -0.34500           0.00390
   0.22350  -0.31500   0.15500           0.00429
   0.22350  -0.31500  -0.34500           0.00413
   0.27350   0.18500   0.15500           0.00367
   0.27350   0.18500  -0.34500           0.00325
   0.27350  -0.31500   0.15500           0.00344
   0.27350  -0.31500  -0.34500           0.00341
   0.32350   0.18500   0.15500           0.00082
   0.32350   0.18500  -0.34500           0.00080
   0.32350  -0.31500   0.15500           0.00072
   0.32350  -0.31500  -0.34500           0.00075
   0.37350   0.18500   0.15500           0.00333
   0.37350   0.18500  -0.34500           0.00326
   0.37350  -0.31500   0.15500           0.00269
   0.37350  -0.31500  -0.34500           0.00311
   0.42350   0.18500   0.15500           0.01100
   0.42350   0.18500  -0.34500           0.00993
   0.42350  -0.31500   0.15500           0.00886
   0.42350  -0.31500  -0.34500           0.01024
   0.47350   0.18500   0.15500           0.03760
   0.47350   0.18500  -0.34500           0.03572
   0.47350  -0.31500   0.15500           0.03047
   0.47350  -0.31500  -0.34500           0.03314
  -0.47650   0.18500   0.15500           0.05275
  -0.47650   0.18500  -0.34500           0.03911
  -0.47650  -0.31500   0.15500           0.04463
  -0.47650  -0.31500  -0.34500           0.04301
  -0.42650   0.18500   0.15500           0.05763
  -0.42650   0.18500  -0.34500           0.04222
  -0.42650  -0.31500   0.15500           0.04794
  -0.42650  -0.31500  -0.34500           0.04656
  -0.37650   0.18500   0.15500           0.03945
  -0.37650   0.18500  -0.34500           0.03269
  -0.37650  -0.31500   0.15500           0.03459
  -0.37650  -0.31500  -0.34500           0.03516
  -0.32650   0.18500   0.15500           0.01710
  -0.32650   0.18500  -0.34500           0.01507
  -0.32650  -0.31500   0.15500           0.01448
  -0.32650  -0.31500  -0.34500           0.01657
  -0.27650   0.18500   0.15500           0.00159
  -0.27650   0.18500  -0.34500           0.00139
  -0.27650  -0.31500   0.15500           0.00137
  -0.27650  -0.31500  -0.34500           0.00142
  -0.22650   0.18500   0.15500           0.00023
  -0.22650   0.18500  -0.34500           0.00021
  -0.22650  -0.31500   0.15500           0.00021
  -0.22650  -0.31500  -0.34500           0.00020
  -0.17650   0.18500   0.15500           0.00210
  -0.17650   0.18500  -0.34500           0.00178
  -0.17650  -0.31500   0.15500           0.00218
  -0.17650  -0.31500  -0.34500           0.00198
  -0.12650   0.18500   0.15500           0.00330
  -0.12650   0.18500  -0.34500           0.00291
  -0.12650  -0.31500   0.15500           0.00323
  -0.12650  -0.31500  -0.34500           0.00317
  -0.07650   0.18500   0.15500           0.00452
  -0.07650   0.18500  -0.34500           0.00414
  -0.07650  -0.31500   0.15500           0.00435
  -0.07650  -0.31500  -0.34500           0.00457
  -0.02650   0.18500   0.15500           0.00925
  -0.02650   0.18500  -0.34500           0.00790
  -0.02650  -0.31500   0.15500           0.00815
  -0.02650  -0.31500  -0.34500           0.00833
