#       kx        ky        kz      sum |A(k)|^2
   0.01300   0.03500   0.02125           0.00004
   0.01300   0.03500   0.14625           0.00002
   0.01300   0.03500   0.27125           0.00007
   0.01300   0.03500   0.39625           0.00008
   0.01300   0.03500  -0.47875           0.00006
   0.01300   0.03500  -0.35375           0.00003
   0.01300   0.03500  -0.22875           0.00006
   0.01300   0.03500  -0.10375           0.00006
   0.01300   0.20167   0.02125           0.00004
   0.01300   0.20167   0.14625           0.00002
   0.01300   0.20167   0.27125           0.00007
   0.01300   0.20167   0.39625           0.00007
   0.01300   0.20167  -0.47875           0.00005
   0.01300   0.20167  -0.35375           0.00002
   0.01300   0.20167  -0.22875           0.00006
   0.01300   0.20167  -0.10375           0.00005
   0.01300   0.36833   0.02125           0.00003
   0.01300   0.36833   0.14625           0.00002
   0.01300   0.36833   0.27125           0.00006
   0.01300   0.36833   0.39625           0.00006
   0.01300   0.36833  -0.47875           0.00004
   0.01300   0.36833  -0.35375           0.00002
   0.01300   0.36833  -0.22875           0.00005
   0.01300   0.36833  -0.10375           0.00005
   0.01300  -0.46500   0.02125           0.00005
   0.01300  -0.46500   0.14625           0.00003
   0.01300  -0.46500   0.27125           0.00006
   0.01300  -0.46500   0.39625           0.00008
   0.01300  -0.46500  -0.47875           0.00007
   0.01300  -0.46500  -0.35375           0.00004
   0.01300  -0.46500  -0.22875           0.00006
   0.01300  -0.46500  -0.10375           0.00006
   0.01300  -0.29833   0.02125           0.00005
   0.01300  -0.29833   0.14625           0.00003
   0.01300  -0.29833   0.27125           0.00007
   0.01300  -0.29833   0.39625           0.00008
   0.01300  -0.29833  -0.47875           0.00007
   0.01300  -0.29833  -0.35375           0.00004
   0.01300  -0.29833  -0.22875           0.00006
   0.01300  -0.29833  -0.10375           0.00007
   0.01300  -0.13167   0.02125           0.00005
   0.01300  -0.13167   0.14625           0.00002
   0.01300  -0.13167   0.27125           0.00007
   0.01300  -0.13167   0.39625           0.00008
   0.01300  -0.13167  -0.47875           0.00006
   0.01300  -0.13167  -0.35375           0.00004
   0.01300  -0.13167  -0.22875           0.00006
   0.01300  -0.13167  -0.10375           0.00007
   0.11300   0.03500   0.02125           0.00076
   0.11300   0.03500   0.14625           0.00223
   0.11300   0.03500   0.27125           0.00067
   0.11300   0.03500   0.39625           0.00068
   0.11300   0.03500  -0.47875           0.00076
   0.11300   0.03500  -0.35375           0.00276
   0.11300   0.03500  -0.22875           0.00097
   0.11300   0.03500  -0.10375           0.00085
   0.11300   0.20167   0.02125           0.00072
   0.11300   0.20167   0.14625           0.00220
   0.11300   0.20167   0.27125           0.00069
   0.11300   0.20167   0.39625           0.00067
   0.11300   0.20167  -0.47875           0.00073
   0.11300   0.20167  -0.35375           0.00269
   0.11300   0.20167  -0.22875           0.00098
   0.11300   0.20167  -0.10375           0.00084
   0.11300   0.36833   0.02125           0.00066
   0.11300   0.36833   0.14625           0.00199
   0.11300   0.36833   0.27125           0.00065
   0.11300   0.36833   0.39625           0.00061
   0.11300   0.36833  -0.47875           0.00067
   0.11300   0.36833  -0.35375           0.00238
   0.11300   0.36833  -0.22875           0.00091
   0.11300   0.36833  -0.10375           0.00075
   0.11300  -0.46500   0.02125           0.00063
   0.11300  -0.46500   0.14625           0.00180
   0.11300  -0.46500   0.27125           0.00050
   0.11300  -0.46500   0.39625           0.00051
   0.11300  -0.46500  -0.47875           0.00062
   0.11300  -0.46500  -0.35375           0.00221
   0.11300  -0.46500  -0.22875           0.00072
   0.11300  -0.46500  -0.10375           0.00063
   0.11300  -0.29833   0.02125           0.00071
   0.11300  -0.29833   0.14625           0.00201
   0.11300  -0.29833   0.27125           0.00056
   0.11300  -0.29833   0.39625           0.00059
   0.11300  -0.29833  -0.47875           0.00069
   0.11300  -0.29833  -0.35375           0.00250
   0.11300  -0.29833  -0.22875           0.00081
   0.11300  -0.29833  -0.10375           0.00074
   0.11300  -0.13167   0.02125           0.00075
   0.11300  -0.13167   0.14625           0.00211
   0.11300  -0.13167   0.27125           0.00062
   0.11300  -0.13167   0.39625           0.00067
   0.11300  -0.13167  -0.47875           0.00074
   0.11300  -0.13167  -0.35375           0.00262
   0.11300  -0.13167  -0.22875           0.00091
   0.11300  -0.13167  -0.10375           0.00085
   0.21300   0.03500   0.02125           0.00503
   0.21300   0.03500   0.14625           0.00425
   0.21300   0.03500   0.27125           0.00299
   0.21300   0.03500   0.39625           0.00466
   0.21300   0.03500  -0.47875           0.00591
   0.21300   0.03500  -0.35375           0.00570
   0.21300   0.03500  -0.22875           0.00414
   0.21300   0.03500  -0.10375           0.00467
   0.21300   0.20167   0.02125           0.00488
   0.21300   0.20167   0.14625           0.00401
   0.21300   0.20167   0.27125           0.00296
   0.21300   0.20167   0.39625           0.00461
   0.21300   0.20167  -0.47875           0.00570
   0.21300   0.20167  -0.35375           0.00539
   0.21300   0.20167  -0.22875           0.00401
   0.21300   0.20167  -0.10375           0.00464
   0.21300   0.36833   0.02125           0.00450
   0.21300   0.36833   0.14625           0.00365
   0.21300   0.36833   0.27125           0.00290
   0.21300   0.36833   0.39625           0.00430
   0.21300   0.36833  -0.47875           0.00522
   0.21300   0.36833  -0.35375           0.00488
   0.21300   0.36833  -0.22875           0.00398
   0.21300   0.36833  -0.10375           0.00436
   0.21300  -0.46500   0.02125           0.00425
   0.21300  -0.46500   0.14625           0.00410
   0.21300  -0.46500   0.27125           0.00287
   0.21300  -0.46500   0.39625           0.00345
   0.21300  -0.46500  -0.47875           0.00485
   0.21300  -0.46500  -0.35375           0.00509
   0.21300  -0.46500  -0.22875           0.00405
   0.21300  -0.46500  -0.10375           0.00361
   0.21300  -0.29833   0.02125           0.00466
   0.21300  -0.29833   0.14625           0.00425
   0.21300  -0.29833   0.27125           0.00245
   0.21300  -0.29833   0.39625           0.00394
   0.21300  -0.29833  -0.47875           0.00541
   0.21300  -0.29833  -0.35375           0.00549
   0.21300  -0.29833  -0.22875           0.00362
   0.21300  -0.29833  -0.10375           0.00403
   0.21300  -0.13167   0.02125           0.00494
   0.21300  -0.13167   0.14625           0.00431
   0.21300  -0.13167   0.27125           0.00286
   0.21300  -0.13167   0.39625           0.00440
   0.21300  -0.13167  -0.47875           0.00580
   0.21300  -0.13167  -0.35375           0.00572
   0.21300  -0.13167  -0.22875           0.00407
   0.21300  -0.13167  -0.10375           0.00443
   0.31300   0.03500   0.02125           0.00388
   0.31300   0.03500   0.14625           0.00269
   0.31300   0.03500   0.27125           0.00416
   0.31300   0.03500  -0.60375           0.00510
   0.31300   0.03500  -0.47875           0.00460
   0.31300   0.03500  -0.35375           0.00365
   0.31300   0.03500  -0.22875           0.00447
   0.31300   0.03500  -0.10375           0.00468
   0.31300   0.20167   0.02125           0.00360
   0.31300   0.20167   0.14625           0.00250
   0.31300   0.20167   0.27125           0.00411
   0.31300   0.20167  -0.60375           0.00494
   0.31300   0.20167  -0.47875           0.00430
   0.31300   0.20167  -0.35375           0.00340
   0.31300   0.20167  -0.22875           0.00439
   0.31300   0.20167  -0.10375           0.00451
   0.31300   0.36833   0.02125           0.00323
   0.31300   0.36833   0.14625           0.00219
   0.31300   0.36833   0.27125           0.00392
   0.31300   0.36833  -0.60375           0.00454
   0.31300   0.36833  -0.47875           0.00386
   0.31300   0.36833  -0.35375           0.00305
   0.31300   0.36833  -0.22875           0.00417
   0.31300   0.36833  -0.10375           0.00414
   0.31300  -0.46500   0.02125           0.00361
   0.31300  -0.46500   0.14625           0.00280
   0.31300  -0.46500   0.27125           0.00313
   0.31300  -0.46500  -0.60375           0.00417
   0.31300  -0.46500  -0.47875           0.00404
   0.31300  -0.46500  -0.35375           0.00352
   0.31300  -0.46500  -0.22875           0.00351
   0.31300  -0.46500  -0.10375           0.00398
   0.31300  -0.29833   0.02125           0.00387
   0.31300  -0.29833   0.14625           0.00285
   0.31300  -0.29833   0.27125           0.00347
   0.31300  -0.29833  -0.60375           0.00464
   0.31300  -0.29833  -0.47875           0.00444
   0.31300  -0.29833  -0.35375           0.00369
   0.31300  -0.29833  -0.22875           0.00381
   0.31300  -0.29833  -0.10375           0.00435
   0.31300  -0.13167   0.02125           0.00403
   0.31300  -0.13167   0.14625           0.00277
   0.31300  -0.13167   0.27125           0.00389
   0.31300  -0.13167  -0.60375           0.00498
   0.31300  -0.13167  -0.47875           0.00474
   0.31300  -0.13167  -0.35375           0.00372
   0.31300  -0.13167  -0.22875           0.00420
   0.31300  -0.13167  -0.10375           0.00461
   0.41300   0.03500   0.02125           0.00097
   0.41300   0.03500   0.14625           0.00097
   0.41300   0.03500   0.27125           0.00075
   0.41300   0.03500  -0.60375           0.00089
   0.41300   0.03500  -0.47875           0.00101
   0.41300   0.03500  -0.35375           0.00102
   0.41300   0.03500  -0.22875           0.00086
   0.41300   0.03500  -0.10375           0.00092
   0.41300   0.20167   0.02125           0.00094
   0.41300   0.20167   0.14625           0.00090
   0.41300   0.20167   0.27125           0.00068
   0.41300   0.20167  -0.60375           0.00088
   0.41300   0.20167  -0.47875           0.00098
   0.41300   0.20167  -0.35375           0.00095
   0.41300   0.20167  -0.22875           0.00077
   0.41300   0.20167  -0.10375           0.00089
   0.41300   0.36833   0.02125           0.00082
   0.41300   0.36833   0.14625           0.00080
   0.41300   0.36833   0.27125           0.00060
   0.41300   0.36833  -0.60375           0.00082
   0.41300   0.36833  -0.47875           0.00087
   0.41300   0.36833  -0.35375           0.00085
   0.41300   0.36833  -0.22875           0.00069
   0.41300   0.36833  -0.10375           0.00084
   0.41300  -0.46500   0.02125           0.00083
   0.41300  -0.46500   0.14625           0.00090
   0.41300  -0.46500   0.27125           0.00075
   0.41300  -0.46500  -0.60375           0.00071
   0.41300  -0.46500  -0.47875           0.00083
   0.41300  -0.46500  -0.35375           0.00093
   0.41300  -0.46500  -0.22875           0.00084
   0.41300  -0.46500  -0.10375           0.00079
   0.41300  -0.29833   0.02125           0.00090
   0.41300  -0.29833   0.14625           0.00097
   0.41300  -0.29833   0.27125           0.00079
   0.41300  -0.29833  -0.60375           0.00081
   0.41300  -0.29833  -0.47875           0.00090
   0.41300  -0.29833  -0.35375           0.00100
   0.41300  -0.29833  -0.22875           0.00089
   0.41300  -0.29833  -0.10375           0.00087
   0.41300  -0.13167   0.02125           0.00096
   0.41300  -0.13167   0.14625           0.00100
   0.41300  -0.13167   0.27125           0.00080
   0.41300  -0.13167  -0.60375           0.00088
   0.41300  -0.13167  -0.47875           0.00098
   0.41300  -0.13167  -0.35375           0.00104
   0.41300  -0.13167  -0.22875           0.00090
   0.41300  -0.13167  -0.10375           0.00092
  -0.48700   0.03500   0.02125           0.00004
  -0.48700   0.03500   0.14625           0.00002
  -0.48700   0.03500   0.27125           0.00006
  -0.48700   0.03500   0.39625           0.00006
  -0.48700   0.03500   0.52125           0.00005
   0.51300   0.03500  -0.35375           0.00003
   0.51300   0.03500  -0.22875           0.00006
  -0.48700   0.03500  -0.10375           0.00005
  -0.48700   0.20167   0.02125           0.00003
  -0.48700   0.20167   0.14625           0.00002
  -0.48700   0.20167   0.27125           0.00006
  -0.48700   0.20167   0.39625           0.00006
  -0.48700   0.20167   0.52125           0.00004
   0.51300   0.20167  -0.35375           0.00002
   0.51300   0.20167  -0.22875           0.00006
  -0.48700   0.20167  -0.10375           0.00005
  -0.48700   0.36833   0.02125           0.00003
  -0.48700   0.36833   0.14625           0.00002
  -0.48700   0.36833   0.27125           0.00006
  -0.48700   0.36833   0.39625           0.00005
  -0.48700   0.36833   0.52125           0.00004
   0.51300   0.36833  -0.35375           0.00002
   0.51300   0.36833  -0.22875           0.00005
  -0.48700   0.36833  -0.10375           0.00004
  -0.48700  -0.46500   0.02125           0.00004
  -0.48700  -0.46500   0.14625           0.00002
  -0.48700  -0.46500   0.27125           0.00006
  -0.48700  -0.46500   0.39625           0.00006
  -0.48700  -0.46500   0.52125           0.00005
   0.51300  -0.46500  -0.35375           0.00003
   0.51300  -0.46500  -0.22875           0.00006
  -0.48700  -0.46500  -0.10375           0.00006
  -0.48700  -0.29833   0.02125           0.00004
  -0.48700  -0.29833   0.14625           0.00002
  -0.48700  -0.29833   0.27125           0.00006
  -0.48700  -0.29833   0.39625           0.00006
  -0.48700  -0.29833   0.52125           0.00005
   0.51300  -0.29833  -0.35375           0.00003
   0.51300  -0.29833  -0.22875           0.00006
  -0.48700  -0.29833  -0.10375           0.00006
  -0.48700  -0.13167   0.02125           0.00004
  -0.48700  -0.13167   0.14625           0.00002
  -0.48700  -0.13167   0.27125           0.00006
  -0.48700  -0.13167   0.39625           0.00006
  -0.48700  -0.13167   0.52125           0.00005
   0.51300  -0.13167  -0.35375           0.00003
   0.51300  -0.13167  -0.22875           0.00006
  -0.48700  -0.13167  -0.10375           0.00005
  -0.38700   0.03500   0.02125           0.00057
  -0.38700   0.03500   0.14625           0.00159
  -0.38700   0.03500   0.27125           0.00048
  -0.38700   0.03500   0.39625           0.00049
  -0.38700   0.03500   0.52125           0.00056
  -0.38700   0.03500   0.64625           0.00184
  -0.38700   0.03500  -0.22875           0.00062
  -0.38700   0.03500  -0.10375           0.00059
  -0.38700   0.20167   0.02125           0.00055
  -0.38700   0.20167   0.14625           0.00157
  -0.38700   0.20167   0.27125           0.00048
  -0.38700   0.20167   0.39625           0.00049
  -0.38700   0.20167   0.52125           0.00054
  -0.38700   0.20167   0.64625           0.00180
  -0.38700   0.20167  -0.22875           0.00063
  -0.38700   0.20167  -0.10375           0.00058
  -0.38700   0.36833   0.02125           0.00051
  -0.38700   0.36833   0.14625           0.00142
  -0.38700   0.36833   0.27125           0.00046
  -0.38700   0.36833   0.39625           0.00045
  -0.38700   0.36833   0.52125           0.00049
  -0.38700   0.36833   0.64625           0.00159
  -0.38700   0.36833  -0.22875           0.00059
  -0.38700   0.36833  -0.10375           0.00053
  -0.38700  -0.46500   0.02125           0.00048
  -0.38700  -0.46500   0.14625           0.00129
  -0.38700  -0.46500   0.27125           0.00036
  -0.38700  -0.46500   0.39625           0.00038
  -0.38700  -0.46500   0.52125           0.00047
  -0.38700  -0.46500   0.64625           0.00149
  -0.38700  -0.46500  -0.22875           0.00046
  -0.38700  -0.46500  -0.10375           0.00044
  -0.38700  -0.29833   0.02125           0.00053
  -0.38700  -0.29833   0.14625           0.00144
  -0.38700  -0.29833   0.27125           0.00041
  -0.38700  -0.29833   0.39625           0.00043
  -0.38700  -0.29833   0.52125           0.00051
  -0.38700  -0.29833   0.64625           0.00168
  -0.38700  -0.29833  -0.22875           0.00053
  -0.38700  -0.29833  -0.10375           0.00051
  -0.38700  -0.13167   0.02125           0.00056
  -0.38700  -0.13167   0.14625           0.00152
  -0.38700  -0.13167   0.27125           0.00045
  -0.38700  -0.13167   0.39625           0.00048
  -0.38700  -0.13167   0.52125           0.00054
  -0.38700  -0.13167   0.64625           0.00177
  -0.38700  -0.13167  -0.22875           0.00059
  -0.38700  -0.13167  -0.10375           0.00058
  -0.28700   0.03500   0.02125           0.00448
  -0.28700   0.03500   0.14625           0.00381
  -0.28700   0.03500   0.27125           0.00259
  -0.28700   0.03500   0.39625           0.00404
  -0.28700   0.03500   0.52125           0.00512
  -0.28700   0.03500  -0.35375           0.00497
  -0.28700   0.03500  -0.22875           0.00358
  -0.28700   0.03500  -0.10375           0.00412
  -0.28700   0.20167   0.02125           0.00434
  -0.28700   0.20167   0.14625           0.00359
  -0.28700   0.20167   0.27125           0.00257
  -0.28700   0.20167   0.39625           0.00400
  -0.28700   0.20167   0.52125           0.00495
  -0.28700   0.20167  -0.35375           0.00468
  -0.28700   0.20167  -0.22875           0.00348
  -0.28700   0.20167  -0.10375           0.00409
  -0.28700   0.36833   0.02125           0.00401
  -0.28700   0.36833   0.14625           0.00327
  -0.28700   0.36833   0.27125           0.00253
  -0.28700   0.36833   0.39625           0.00375
  -0.28700   0.36833   0.52125           0.00455
  -0.28700   0.36833  -0.35375           0.00423
  -0.28700   0.36833  -0.22875           0.00342
  -0.28700   0.36833  -0.10375           0.00386
  -0.28700  -0.46500   0.02125           0.00378
  -0.28700  -0.46500   0.14625           0.00367
  -0.28700  -0.46500   0.27125           0.00268
  -0.28700  -0.46500   0.39625           0.00299
  -0.28700  -0.46500   0.52125           0.00420
  -0.28700  -0.46500  -0.35375           0.00452
  -0.28700  -0.46500  -0.22875           0.00355
  -0.28700  -0.46500  -0.10375           0.00318
  -0.28700  -0.29833   0.02125           0.00415
  -0.28700  -0.29833   0.14625           0.00382
  -0.28700  -0.29833   0.27125           0.00212
  -0.28700  -0.29833   0.39625           0.00342
  -0.28700  -0.29833   0.52125           0.00468
  -0.28700  -0.29833  -0.35375           0.00480
  -0.28700  -0.29833  -0.22875           0.00316
  -0.28700  -0.29833  -0.10375           0.00355
  -0.28700  -0.13167   0.02125           0.00440
  -0.28700  -0.13167   0.14625           0.00387
  -0.28700  -0.13167   0.27125           0.00247
  -0.28700  -0.13167   0.39625           0.00381
  -0.28700  -0.13167   0.52125           0.00502
  -0.28700  -0.13167  -0.35375           0.00500
  -0.28700  -0.13167  -0.22875           0.00352
  -0.28700  -0.13167  -0.10375           0.00390
  -0.18700   0.03500   0.02125           0.00451
  -0.18700   0.03500   0.14625           0.00316
  -0.18700   0.03500   0.27125           0.00491
  -0.18700   0.03500   0.39625           0.00606
  -0.18700   0.03500   0.52125           0.00547
  -0.18700   0.03500  -0.35375           0.00429
  -0.18700   0.03500  -0.22875           0.00515
  -0.18700   0.03500  -0.10375           0.00539
  -0.18700   0.20167   0.02125           0.00418
  -0.18700   0.20167   0.14625           0.00296
  -0.18700   0.20167   0.27125           0.00482
  -0.18700   0.20167   0.39625           0.00587
  -0.18700   0.20167   0.52125           0.00511
  -0.18700   0.20167  -0.35375           0.00404
  -0.18700   0.20167  -0.22875           0.00506
  -0.18700   0.20167  -0.10375           0.00520
  -0.18700   0.36833   0.02125           0.00374
  -0.18700   0.36833   0.14625           0.00256
  -0.18700   0.36833   0.27125           0.00461
  -0.18700   0.36833   0.39625           0.00538
  -0.18700   0.36833   0.52125           0.00458
  -0.18700   0.36833  -0.35375           0.00361
  -0.18700   0.36833  -0.22875           0.00476
  -0.18700   0.36833  -0.10375           0.00478
  -0.18700  -0.46500   0.02125           0.00415
  -0.18700  -0.46500   0.14625           0.00325
  -0.18700  -0.46500   0.27125           0.00362
  -0.18700  -0.46500   0.39625           0.00490
  -0.18700  -0.46500   0.52125           0.00476
  -0.18700  -0.46500  -0.35375           0.00408
  -0.18700  -0.46500  -0.22875           0.00400
  -0.18700  -0.46500  -0.10375           0.00456
  -0.18700  -0.29833   0.02125           0.00448
  -0.18700  -0.29833   0.14625           0.00334
  -0.18700  -0.29833   0.27125           0.00408
  -0.18700  -0.29833   0.39625           0.00549
  -0.18700  -0.29833   0.52125           0.00525
  -0.18700  -0.29833  -0.35375           0.00430
  -0.18700  -0.29833  -0.22875           0.00442
  -0.18700  -0.29833  -0.10375           0.00501
  -0.18700  -0.13167   0.02125           0.00467
  -0.18700  -0.13167   0.14625           0.00326
  -0.18700  -0.13167   0.27125           0.00457
  -0.18700  -0.13167   0.39625           0.00593
  -0.18700  -0.13167   0.52125           0.00561
  -0.18700  -0.13167  -0.35375           0.00438
  -0.18700  -0.13167  -0.22875           0.00486
  -0.18700  -0.13167  -0.10375           0.00532
  -0.08700   0.03500   0.02125           0.00152
  -0.08700   0.03500   0.14625           0.00161
  -0.08700   0.03500   0.27125           0.00123
  -0.08700   0.03500   0.39625           0.00127
  -0.08700   0.03500   0.52125           0.00149
  -0.08700   0.03500  -0.35375           0.00153
  -0.08700   0.03500  -0.22875           0.00127
  -0.08700   0.03500  -0.10375           0.00133
  -0.08700   0.20167   0.02125           0.00147
  -0.08700   0.20167   0.14625           0.00147
  -0.08700   0.20167   0.27125           0.00107
  -0.08700   0.20167   0.39625           0.00125
  -0.08700   0.20167   0.52125           0.00145
  -0.08700   0.20167  -0.35375           0.00141
  -0.08700   0.20167  -0.22875           0.00112
  -0.08700   0.20167  -0.10375           0.00129
  -0.08700   0.36833   0.02125           0.00125
  -0.08700   0.36833   0.14625           0.00128
  -0.08700   0.36833   0.27125           0.00095
  -0.08700   0.36833   0.39625           0.00117
  -0.08700   0.36833   0.52125           0.00127
  -0.08700   0.36833  -0.35375           0.00125
  -0.08700   0.36833  -0.22875           0.00100
  -0.08700   0.36833  -0.10375           0.00120
  -0.08700  -0.46500   0.02125           0.00124
  -0.08700  -0.46500   0.14625           0.00144
  -0.08700  -0.46500   0.27125           0.00121
  -0.08700  -0.46500   0.39625           0.00101
  -0.08700  -0.46500   0.52125           0.00120
  -0.08700  -0.46500  -0.35375           0.00138
  -0.08700  -0.46500  -0.22875           0.00127
  -0.08700  -0.46500  -0.10375           0.00111
  -0.08700  -0.29833   0.02125           0.00136
  -0.08700  -0.29833   0.14625           0.00158
  -0.08700  -0.29833   0.27125           0.00128
  -0.08700  -0.29833   0.39625           0.00115
  -0.08700  -0.29833   0.52125           0.00132
  -0.08700  -0.29833  -0.35375           0.00151
  -0.08700  -0.29833  -0.22875           0.00134
  -0.08700  -0.29833  -0.10375           0.00122
  -0.08700  -0.13167   0.02125           0.00148
  -0.08700  -0.13167   0.14625           0.00166
  -0.08700  -0.13167   0.27125           0.00130
  -0.08700  -0.13167   0.39625           0.00125
  -0.08700  -0.13167   0.52125           0.00144
  -0.08700  -0.13167  -0.35375           0.00158
  -0.08700  -0.13167  -0.22875           0.00135
  -0.08700  -0.13167  -0.10375           0.00130
