#       kx        ky        kz      sum |A(k)|^2
   0.01625   0.05250   0.02833           0.01805
   0.01625   0.05250   0.19500           0.01070
   0.01625   0.05250   0.36167           0.01241
   0.01625   0.05250  -0.47167           0.01525
   0.01625   0.05250  -0.30500           0.01297
   0.01625   0.05250  -0.13833           0.01747
   0.01625   0.30250   0.02833           0.01661
   0.01625   0.30250   0.19500           0.01044
   0.01625   0.30250   0.36167           0.01060
   0.01625   0.30250  -0.47167           0.01406
   0.01625   0.30250  -0.30500           0.01255
   0.01625   0.30250  -0.13833           0.01507
   0.01625  -0.44750   0.02833           0.01485
   0.01625  -0.44750   0.19500           0.00822
   0.01625  -0.44750   0.36167           0.01159
   0.01625  -0.44750  -0.47167           0.01277
   0.01625  -0.44750  -0.30500           0.00982
   0.01625  -0.44750  -0.13833           0.01521
   0.01625  -0.19750   0.02833           0.01732
   0.01625  -0.19750   0.19500           0.01016
   0.01625  -0.19750   0.36167           0.01240
   0.01625  -0.19750  -0.47167           0.01461
   0.01625  -0.19750  -0.30500           0.01188
   0.01625  -0.19750  -0.13833           0.01702
   0.14125   0.05250   0.02833           0.00260
   0.14125   0.05250   0.19500           0.00224
   0.14125   0.05250   0.36167           0.00251
   0.14125   0.05250  -0.47167           0.00300
   0.14125   0.05250  -0.30500           0.00345
   0.14125   0.05250  -0.13833           0.00309
   0.14125   0.30250   0.02833           0.00241
   0.14125   0.30250   0.19500           0.00226
   0.14125   0.30250   0.36167           0.00220
   0.14125   0.30250  -0.47167           0.00278
   0.14125   0.30250  -0.30500           0.00333
   0.14125   0.30250  -0.13833           0.00268
   0.14125  -0.44750   0.02833           0.00221
   0.14125  -0.44750   0.19500           0.00191
   0.14125  -0.44750   0.36167           0.00469
   0.14125  -0.44750  -0.47167           0.00241
   0.14125  -0.44750  -0.30500           0.00275
   0.14125  -0.44750  -0.13833           0.00562
   0.14125  -0.19750   0.02833           0.00251
   0.14125  -0.19750   0.19500           0.00214
   0.14125  -0.19750   0.36167           0.00265
   0.14125  -0.19750  -0.47167           0.00277
   0.14125  -0.19750  -0.30500           0.00321
   0.14125  -0.19750  -0.13833           0.00335
   0.26625   0.05250   0.02833           0.00013
   0.26625   0.05250   0.19500           0.00022
   0.26625   0.05250   0.36167           0.00005
   0.26625   0.05250  -0.47167           0.00008
   0.26625   0.05250  -0.30500           0.00012
   0.26625   0.05250  -0.13833           0.00007
   0.26625   0.30250   0.02833           0.00010
   0.26625   0.30250   0.19500           0.00018
   0.26625   0.30250   0.36167           0.00004
   0.26625   0.30250  -0.47167           0.00006
   0.26625   0.30250  -0.30500           0.00010
   0.26625   0.30250  -0.13833           0.00005
   0.26625  -0.44750   0.02833           0.00013
   0.26625  -0.44750   0.19500           0.00018
   0.26625  -0.44750   0.36167           0.00005
   0.26625  -0.44750  -0.47167           0.00009
   0.26625  -0.44750  -0.30500           0.00012
   0.26625  -0.44750  -0.13833           0.00007
   0.26625  -0.19750   0.02833           0.00014
   0.26625  -0.19750   0.19500           0.00021
   0.26625  -0.19750   0.36167           0.00005
   0.26625  -0.19750  -0.47167           0.00009
   0.26625  -0.19750  -0.30500           0.00013
   0.26625  -0.19750  -0.13833           0.00007
   0.39125   0.05250   0.02833           0.00720
   0.39125   0.05250   0.19500           0.00764
   0.39125   0.05250  -0.63833           0.00484
   0.39125   0.05250  -0.47167           0.00659
   0.39125   0.05250  -0.30500           0.00789
   0.39125   0.05250  -0.13833           0.00612
   0.39125   0.30250   0.02833           0.00648
   0.39125   0.30250   0.19500           0.00727
   0.39125   0.30250  -0.63833           0.00394
   0.39125   0.30250  -0.47167           0.00578
   0.39125   0.30250  -0.30500           0.00725
   0.39125   0.30250  -0.13833           0.00516
   0.39125  -0.44750   0.02833           0.00604
   0.39125  -0.44750   0.19500           0.00640
   0.39125  -0.44750  -0.63833           0.00236
   0.39125  -0.44750  -0.47167           0.00588
   0.39125  -0.44750  -0.30500           0.00657
   0.39125  -0.44750  -0.13833           0.00226
   0.39125  -0.19750   0.02833           0.00681
   0.39125  -0.19750   0.19500           0.00733
   0.39125  -0.19750  -0.63833           0.00527
   0.39125  -0.19750  -0.47167           0.00644
   0.39125  -0.19750  -0.30500           0.00759
   0.39125  -0.19750  -0.13833           0.00638
  -0.48375   0.05250   0.02833           0.01059
  -0.48375   0.05250   0.19500           0.00704
  -0.48375   0.05250   0.36167           0.00877
  -0.48375   0.05250   0.52833           0.01030
   0.51625   0.05250  -0.30500           0.00855
  -0.48375   0.05250  -0.13833           0.01044
  -0.48375   0.30250   0.02833           0.00995
  -0.48375   0.30250   0.19500           0.00697
  -0.48375   0.30250   0.36167           0.00765
  -0.48375   0.30250   0.52833           0.00961
   0.51625   0.30250  -0.30500           0.00836
  -0.48375   0.30250  -0.13833           0.00927
  -0.48375  -0.44750   0.02833           0.00899
  -0.48375  -0.44750   0.19500           0.00560
  -0.48375  -0.44750   0.36167           0.00818
  -0.48375  -0.44750   0.52833           0.00869
   0.51625  -0.44750  -0.30500           0.00662
  -0.48375  -0.44750  -0.13833           0.00931
  -0.48375  -0.19750   0.02833           0.01020
  -0.48375  -0.19750   0.19500           0.00669
  -0.48375  -0.19750   0.36167           0.00874
  -0.48375  -0.19750   0.52833           0.00986
   0.51625  -0.19750  -0.30500           0.00789
  -0.48375  -0.19750  -0.13833           0.01021
  -0.35875   0.05250   0.02833           0.00254
  -0.35875   0.05250   0.19500           0.00226
  -0.35875   0.05250   0.36167           0.00244
  -0.35875   0.05250   0.52833           0.00274
  -0.35875   0.05250  -0.30500           0.00292
  -0.35875   0.05250  -0.13833           0.00282
  -0.35875   0.30250   0.02833           0.00239
  -0.35875   0.30250   0.19500           0.00225
  -0.35875   0.30250   0.36167           0.00219
  -0.35875   0.30250   0.52833           0.00258
  -0.35875   0.30250  -0.30500           0.00283
  -0.35875   0.30250  -0.13833           0.00253
  -0.35875  -0.44750   0.02833           0.00215
  -0.35875  -0.44750   0.19500           0.00193
  -0.35875  -0.44750   0.36167           0.00387
  -0.35875  -0.44750   0.52833           0.00221
  -0.35875  -0.44750  -0.30500           0.00236
  -0.35875  -0.44750  -0.13833           0.00432
  -0.35875  -0.19750   0.02833           0.00240
  -0.35875  -0.19750   0.19500           0.00218
  -0.35875  -0.19750   0.36167           0.00255
  -0.35875  -0.19750   0.52833           0.00251
  -0.35875  -0.19750  -0.30500           0.00275
  -0.35875  -0.19750  -0.13833           0.00298
  -0.23375   0.05250   0.02833           0.00005
  -0.23375   0.05250   0.19500           0.00010
  -0.23375   0.05250   0.36167           0.00005
  -0.23375   0.05250   0.52833           0.00005
  -0.23375   0.05250  -0.30500           0.00005
  -0.23375   0.05250  -0.13833           0.00005
  -0.23375   0.30250   0.02833           0.00005
  -0.23375   0.30250   0.19500           0.00008
  -0.23375   0.30250   0.36167           0.00006
  -0.23375   0.30250   0.52833           0.00005
  -0.23375   0.30250  -0.30500           0.00004
  -0.23375   0.30250  -0.13833           0.00005
  -0.23375  -0.44750   0.02833           0.00005
  -0.23375  -0.44750   0.19500           0.00008
  -0.23375  -0.44750   0.36167           0.00004
  -0.23375  -0.44750   0.52833           0.00004
  -0.23375  -0.44750  -0.30500           0.00005
  -0.23375  -0.44750  -0.13833           0.00004
  -0.23375  -0.19750   0.02833           0.00005
  -0.23375  -0.19750   0.19500           0.00009
  -0.23375  -0.19750   0.36167           0.00005
  -0.23375  -0.19750   0.52833           0.00005
  -0.23375  -0.19750  -0.30500           0.00005
  -0.23375  -0.19750  -0.13833           0.00005
  -0.10875   0.05250   0.02833           0.01000
  -0.10875   0.05250   0.19500           0.01095
  -0.10875   0.05250   0.36167           0.00559
  -0.10875   0.05250   0.52833           0.00827
  -0.10875   0.05250  -0.30500           0.01023
  -0.10875   0.05250  -0.13833           0.00763
  -0.10875   0.30250   0.02833           0.00876
  -0.10875   0.30250   0.19500           0.01007
  -0.10875   0.30250   0.36167           0.00440
  -0.10875   0.30250   0.52833           0.00711
  -0.10875   0.30250  -0.30500           0.00914
  -0.10875   0.30250  -0.13833           0.00625
  -0.10875  -0.44750   0.02833           0.00809
  -0.10875  -0.44750   0.19500           0.00892
  -0.10875  -0.44750   0.36167           0.00292
  -0.10875  -0.44750   0.52833           0.00727
  -0.10875  -0.44750  -0.30500           0.00838
  -0.10875  -0.44750  -0.13833           0.00273
  -0.10875  -0.19750   0.02833           0.00930
  -0.10875  -0.19750   0.19500           0.01058
  -0.10875  -0.19750   0.36167           0.00620
  -0.10875  -0.19750   0.52833           0.00803
  -0.10875  -0.19750  -0.30500           0.00992
  -0.10875  -0.19750  -0.13833           0.00800
