#       kx        ky        kz      sum |A(k)|^2
   0.01625   0.05250   0.02833           0.00010
   0.01625   0.05250   0.19500           0.00016
   0.01625   0.05250   0.36167           0.00003
   0.01625   0.05250  -0.47167           0.00005
   0.01625   0.05250  -0.30500           0.00009
   0.01625   0.05250  -0.13833           0.00006
   0.01625   0.30250   0.02833           0.00010
   0.01625   0.30250   0.19500           0.00014
   0.01625   0.30250   0.36167           0.00003
   0.01625   0.30250  -0.47167           0.00005
   0.01625   0.30250  -0.30500           0.00009
   0.01625   0.30250  -0.13833           0.00006
   0.01625  -0.44750   0.02833           0.00005
   0.01625  -0.44750   0.19500           0.00009
   0.01625  -0.44750   0.36167           0.00003
   0.01625  -0.44750  -0.47167           0.00003
   0.01625  -0.44750  -0.30500           0.00005
   0.01625  -0.44750  -0.13833           0.00003
   0.01625  -0.19750   0.02833           0.00007
   0.01625  -0.19750   0.19500           0.00013
   0.01625  -0.19750   0.36167           0.00003
   0.01625  -0.19750  -0.47167           0.00004
   0.01625  -0.19750  -0.30500           0.00007
   0.01625  -0.19750  -0.13833           0.00004
   0.14125   0.05250   0.02833           0.00941
   0.14125   0.05250   0.19500           0.00924
   0.14125   0.05250   0.36167           0.00662
   0.14125   0.05250  -0.47167           0.00987
   0.14125   0.05250  -0.30500           0.01233
   0.14125   0.05250  -0.13833           0.00936
   0.14125   0.30250   0.02833           0.00890
   0.14125   0.30250   0.19500           0.00840
   0.14125   0.30250   0.36167           0.00652
   0.14125   0.30250  -0.47167           0.00930
   0.14125   0.30250  -0.30500           0.01101
   0.14125   0.30250  -0.13833           0.00895
   0.14125  -0.44750   0.02833           0.00708
   0.14125  -0.44750   0.19500           0.00848
   0.14125  -0.44750   0.36167           0.00248
   0.14125  -0.44750  -0.47167           0.00739
   0.14125  -0.44750  -0.30500           0.01063
   0.14125  -0.44750  -0.13833           0.00293
   0.14125  -0.19750   0.02833           0.00843
   0.14125  -0.19750   0.19500           0.00912
   0.14125  -0.19750   0.36167           0.00603
   0.14125  -0.19750  -0.47167           0.00880
   0.14125  -0.19750  -0.30500           0.01198
   0.14125  -0.19750  -0.13833           0.00853
   0.26625   0.05250   0.02833           0.01167
   0.26625   0.05250   0.19500           0.00755
   0.26625   0.05250   0.36167           0.01174
   0.26625   0.05250  -0.47167           0.01361
   0.26625   0.05250  -0.30500           0.01013
   0.26625   0.05250  -0.13833           0.01207
   0.26625   0.30250   0.02833           0.01056
   0.26625   0.30250   0.19500           0.00646
   0.26625   0.30250   0.36167           0.01110
   0.26625   0.30250  -0.47167           0.01232
   0.26625   0.30250  -0.30500           0.00869
   0.26625   0.30250  -0.13833           0.01135
   0.26625  -0.44750   0.02833           0.01077
   0.26625  -0.44750   0.19500           0.00806
   0.26625  -0.44750   0.36167           0.00917
   0.26625  -0.44750  -0.47167           0.01204
   0.26625  -0.44750  -0.30500           0.00994
   0.26625  -0.44750  -0.13833           0.00966
   0.26625  -0.19750   0.02833           0.01171
   0.26625  -0.19750   0.19500           0.00818
   0.26625  -0.19750   0.36167           0.01079
   0.26625  -0.19750  -0.47167           0.01344
   0.26625  -0.19750  -0.30500           0.01075
   0.26625  -0.19750  -0.13833           0.01117
   0.39125   0.05250   0.02833           0.00215
   0.39125   0.05250   0.19500           0.00195
   0.39125   0.05250  -0.63833           0.00235
   0.39125   0.05250  -0.47167           0.00231
   0.39125   0.05250  -0.30500           0.00222
   0.39125   0.05250  -0.13833           0.00233
   0.39125   0.30250   0.02833           0.00198
   0.39125   0.30250   0.19500           0.00174
   0.39125   0.30250  -0.63833           0.00231
   0.39125   0.30250  -0.47167           0.00215
   0.39125   0.30250  -0.30500           0.00197
   0.39125   0.30250  -0.13833           0.00224
   0.39125  -0.44750   0.02833           0.00194
   0.39125  -0.44750   0.19500           0.00211
   0.39125  -0.44750  -0.63833           0.00398
   0.39125  -0.44750  -0.47167           0.00198
   0.39125  -0.44750  -0.30500           0.00220
   0.39125  -0.44750  -0.13833           0.00424
   0.39125  -0.19750   0.02833           0.00209
   0.39125  -0.19750   0.19500           0.00211
   0.39125  -0.19750  -0.63833           0.00231
   0.39125  -0.19750  -0.47167           0.00221
   0.39125  -0.19750  -0.30500           0.00231
   0.39125  -0.19750  -0.13833           0.00234
  -0.48375   0.05250   0.02833           0.00011
  -0.48375   0.05250   0.19500           0.00018
  -0.48375   0.05250   0.36167           0.00004
  -0.48375   0.05250   0.52833           0.00007
   0.51625   0.05250  -0.30500           0.00011
  -0.48375   0.05250  -0.13833           0.00007
  -0.48375   0.30250   0.02833           0.00011
  -0.48375   0.30250   0.19500           0.00016
  -0.48375   0.30250   0.36167           0.00004
  -0.48375   0.30250   0.52833           0.00007
   0.51625   0.30250  -0.30500           0.00011
  -0.48375   0.30250  -0.13833           0.00007
  -0.48375  -0.44750   0.02833           0.00007
  -0.48375  -0.44750   0.19500           0.00012
  -0.48375  -0.44750   0.36167           0.00004
  -0.48375  -0.44750   0.52833           0.00005
   0.51625  -0.44750  -0.30500           0.00008
  -0.48375  -0.44750  -0.13833           0.00005
  -0.48375  -0.19750   0.02833           0.00009
  -0.48375  -0.19750   0.19500           0.00015
  -0.48375  -0.19750   0.36167           0.00004
  -0.48375  -0.19750   0.52833           0.00006
   0.51625  -0.19750  -0.30500           0.00010
  -0.48375  -0.19750  -0.13833           0.00006
  -0.35875   0.05250   0.02833           0.00698
  -0.35875   0.05250   0.19500           0.00702
  -0.35875   0.05250   0.36167           0.00471
  -0.35875   0.05250   0.52833           0.00701
  -0.35875   0.05250  -0.30500           0.00859
  -0.35875   0.05250  -0.13833           0.00643
  -0.35875   0.30250   0.02833           0.00667
  -0.35875   0.30250   0.19500           0.00634
  -0.35875   0.30250   0.36167           0.00471
  -0.35875   0.30250   0.52833           0.00669
  -0.35875   0.30250  -0.30500           0.00767
  -0.35875   0.30250  -0.13833           0.00624
  -0.35875  -0.44750   0.02833           0.00529
  -0.35875  -0.44750   0.19500           0.00647
  -0.35875  -0.44750   0.36167           0.00212
  -0.35875  -0.44750   0.52833           0.00532
  -0.35875  -0.44750  -0.30500           0.00755
  -0.35875  -0.44750  -0.13833           0.00234
  -0.35875  -0.19750   0.02833           0.00625
  -0.35875  -0.19750   0.19500           0.00705
  -0.35875  -0.19750   0.36167           0.00426
  -0.35875  -0.19750   0.52833           0.00627
  -0.35875  -0.19750  -0.30500           0.00851
  -0.35875  -0.19750  -0.13833           0.00588
  -0.23375   0.05250   0.02833           0.01202
  -0.23375   0.05250   0.19500           0.00797
  -0.23375   0.05250   0.36167           0.01185
  -0.23375   0.05250   0.52833           0.01393
  -0.23375   0.05250  -0.30500           0.01044
  -0.23375   0.05250  -0.13833           0.01223
  -0.23375   0.30250   0.02833           0.01093
  -0.23375   0.30250   0.19500           0.00683
  -0.23375   0.30250   0.36167           0.01127
  -0.23375   0.30250   0.52833           0.01268
  -0.23375   0.30250  -0.30500           0.00903
  -0.23375   0.30250  -0.13833           0.01155
  -0.23375  -0.44750   0.02833           0.01111
  -0.23375  -0.44750   0.19500           0.00853
  -0.23375  -0.44750   0.36167           0.00928
  -0.23375  -0.44750   0.52833           0.01232
  -0.23375  -0.44750  -0.30500           0.01019
  -0.23375  -0.44750  -0.13833           0.00982
  -0.23375  -0.19750   0.02833           0.01208
  -0.23375  -0.19750   0.19500           0.00864
  -0.23375  -0.19750   0.36167           0.01091
  -0.23375  -0.19750   0.52833           0.01377
  -0.23375  -0.19750  -0.30500           0.01111
  -0.23375  -0.19750  -0.13833           0.01136
  -0.10875   0.05250   0.02833           0.00314
  -0.10875   0.05250   0.19500           0.00302
  -0.10875   0.05250   0.36167           0.00322
  -0.10875   0.05250   0.52833           0.00332
  -0.10875   0.05250  -0.30500           0.00324
  -0.10875   0.05250  -0.13833           0.00312
  -0.10875   0.30250   0.02833           0.00290
  -0.10875   0.30250   0.19500           0.00267
  -0.10875   0.30250   0.36167           0.00319
  -0.10875   0.30250   0.52833           0.00309
  -0.10875   0.30250  -0.30500           0.00284
  -0.10875   0.30250  -0.13833           0.00303
  -0.10875  -0.44750   0.02833           0.00276
  -0.10875  -0.44750   0.19500           0.00326
  -0.10875  -0.44750   0.36167           0.00569
  -0.10875  -0.44750   0.52833           0.00285
  -0.10875  -0.44750  -0.30500           0.00327
  -0.10875  -0.44750  -0.13833           0.00590
  -0.10875  -0.19750   0.02833           0.00301
  -0.10875  -0.19750   0.19500           0.00333
  -0.10875  -0.19750   0.36167           0.00322
  -0.10875  -0.19750   0.52833           0.00317
  -0.10875  -0.19750  -0.30500           0.00347
  -0.10875  -0.19750  -0.13833           0.00315
