#       kx        ky        kz      sum |A(k)|^2
   0.01625   0.03500   0.02833           0.01216
   0.01625   0.03500   0.19500           0.00726
   0.01625   0.03500   0.36167           0.00830
   0.01625   0.03500  -0.47167           0.01024
   0.01625   0.03500  -0.30500           0.00871
   0.01625   0.03500  -0.13833           0.01167
   0.01625   0.20167   0.02833           0.01171
   0.01625   0.20167   0.19500           0.00717
   0.01625   0.20167   0.36167           0.00764
   0.01625   0.20167  -0.47167           0.00988
   0.01625   0.20167  -0.30500           0.00868
   0.01625   0.20167  -0.13833           0.01084
   0.01625   0.36833   0.02833           0.01071
   0.01625   0.36833   0.19500           0.00699
   0.01625   0.36833   0.36167           0.00671
   0.01625   0.36833  -0.47167           0.00907
   0.01625   0.36833  -0.30500           0.00823
   0.01625   0.36833  -0.13833           0.00955
   0.01625  -0.46500   0.02833           0.00978
   0.01625  -0.46500   0.19500           0.00546
   0.01625  -0.46500   0.36167           0.00768
   0.01625  -0.46500  -0.47167           0.00843
   0.01625  -0.46500  -0.30500           0.00650
   0.01625  -0.46500  -0.13833           0.01000
   0.01625  -0.29833   0.02833           0.01105
   0.01625  -0.29833   0.19500           0.00639
   0.01625  -0.29833   0.36167           0.00812
   0.01625  -0.29833  -0.47167           0.00936
   0.01625  -0.29833  -0.30500           0.00743
   0.01625  -0.29833  -0.13833           0.01092
   0.01625  -0.13167   0.02833           0.01193
   0.01625  -0.13167   0.19500           0.00709
   0.01625  -0.13167   0.36167           0.00837
   0.01625  -0.13167  -0.47167           0.01003
   0.01625  -0.13167  -0.30500           0.00827
   0.01625  -0.13167  -0.13833           0.01157
   0.14125   0.03500   0.02833           0.00185
   0.14125   0.03500   0.19500           0.00161
   0.14125   0.03500   0.36167           0.00177
   0.14125   0.03500  -0.47167           0.00210
   0.14125   0.03500  -0.30500           0.00245
   0.14125   0.03500  -0.13833           0.00219
   0.14125   0.20167   0.02833           0.00179
   0.14125   0.20167   0.19500           0.00161
   0.14125   0.20167   0.36167           0.00163
   0.14125   0.20167  -0.47167           0.00208
   0.14125   0.20167  -0.30500           0.00242
   0.14125   0.20167  -0.13833           0.00201
   0.14125   0.36833   0.02833           0.00162
   0.14125   0.36833   0.19500           0.00159
   0.14125   0.36833   0.36167           0.00146
   0.14125   0.36833  -0.47167           0.00184
   0.14125   0.36833  -0.30500           0.00229
   0.14125   0.36833  -0.13833           0.00176
   0.14125  -0.46500   0.02833           0.00155
   0.14125  -0.46500   0.19500           0.00136
   0.14125  -0.46500   0.36167           0.00321
   0.14125  -0.46500  -0.47167           0.00168
   0.14125  -0.46500  -0.30500           0.00192
   0.14125  -0.46500  -0.13833           0.00380
   0.14125  -0.29833   0.02833           0.00171
   0.14125  -0.29833   0.19500           0.00154
   0.14125  -0.29833   0.36167           0.00370
   0.14125  -0.29833  -0.47167           0.00184
   0.14125  -0.29833  -0.30500           0.00220
   0.14125  -0.29833  -0.13833           0.00445
   0.14125  -0.13167   0.02833           0.00183
   0.14125  -0.13167   0.19500           0.00160
   0.14125  -0.13167   0.36167           0.00191
   0.14125  -0.13167  -0.47167           0.00203
   0.14125  -0.13167  -0.30500           0.00237
   0.14125  -0.13167  -0.13833           0.00242
   0.26625   0.03500   0.02833           0.00007
   0.26625   0.03500   0.19500           0.00012
   0.26625   0.03500   0.36167           0.00003
   0.26625   0.03500  -0.47167           0.00004
   0.26625   0.03500  -0.30500           0.00007
   0.26625   0.03500  -0.13833           0.00004
   0.26625   0.20167   0.02833           0.00006
   0.26625   0.20167   0.19500           0.00011
   0.26625   0.20167   0.36167           0.00003
   0.26625   0.20167  -0.47167           0.00004
   0.26625   0.20167  -0.30500           0.00006
   0.26625   0.20167  -0.13833           0.00003
   0.26625   0.36833   0.02833           0.00005
   0.26625   0.36833   0.19500           0.00009
   0.26625   0.36833   0.36167           0.00002
   0.26625   0.36833  -0.47167           0.00003
   0.26625   0.36833  -0.30500           0.00005
   0.26625   0.36833  -0.13833           0.00003
   0.26625  -0.46500   0.02833           0.00007
   0.26625  -0.46500   0.19500           0.00010
   0.26625  -0.46500   0.36167           0.00003
   0.26625  -0.46500  -0.47167           0.00005
   0.26625  -0.46500  -0.30500           0.00006
   0.26625  -0.46500  -0.13833           0.00004
   0.26625  -0.29833   0.02833           0.00007
   0.26625  -0.29833   0.19500           0.00010
   0.26625  -0.29833   0.36167           0.00003
   0.26625  -0.29833  -0.47167           0.00005
   0.26625  -0.29833  -0.30500           0.00006
   0.26625  -0.29833  -0.13833           0.00004
   0.26625  -0.13167   0.02833           0.00007
   0.26625  -0.13167   0.19500           0.00012
   0.26625  -0.13167   0.36167           0.00003
   0.26625  -0.13167  -0.47167           0.00004
   0.26625  -0.13167  -0.30500           0.00007
   0.26625  -0.13167  -0.13833           0.00004
   0.39125   0.03500   0.02833           0.00471
   0.39125   0.03500   0.19500           0.00503
   0.39125   0.03500  -0.63833           0.00316
   0.39125   0.03500  -0.47167           0.00430
   0.39125   0.03500  -0.30500           0.00518
   0.39125   0.03500  -0.13833           0.00401
   0.39125   0.20167   0.02833           0.00463
   0.39125   0.20167   0.19500           0.00494
   0.39125   0.20167  -0.63833           0.00284
   0.39125   0.20167  -0.47167           0.00412
   0.39125   0.20167  -0.30500           0.00501
   0.39125   0.20167  -0.13833           0.00370
   0.39125   0.36833   0.02833           0.00400
   0.39125   0.36833   0.19500           0.00466
   0.39125   0.36833  -0.63833           0.00235
   0.39125   0.36833  -0.47167           0.00356
   0.39125   0.36833  -0.30500           0.00460
   0.39125   0.36833  -0.13833           0.00313
   0.39125  -0.46500   0.02833           0.00390
   0.39125  -0.46500   0.19500           0.00413
   0.39125  -0.46500  -0.63833           0.00150
   0.39125  -0.46500  -0.47167           0.00379
   0.39125  -0.46500  -0.30500           0.00422
   0.39125  -0.46500  -0.13833           0.00143
   0.39125  -0.29833   0.02833           0.00414
   0.39125  -0.29833   0.19500           0.00461
   0.39125  -0.29833  -0.63833           0.00169
   0.39125  -0.29833  -0.47167           0.00398
   0.39125  -0.29833  -0.30500           0.00467
   0.39125  -0.29833  -0.13833           0.00162
   0.39125  -0.13167   0.02833           0.00455
   0.39125  -0.13167   0.19500           0.00492
   0.39125  -0.13167  -0.63833           0.00337
   0.39125  -0.13167  -0.47167           0.00425
   0.39125  -0.13167  -0.30500           0.00505
   0.39125  -0.13167  -0.13833           0.00412
  -0.48375   0.03500   0.02833           0.00713
  -0.48375   0.03500   0.19500           0.00475
  -0.48375   0.03500   0.36167           0.00589
  -0.48375   0.03500   0.52833           0.00692
   0.51625   0.03500  -0.30500           0.00574
  -0.48375   0.03500  -0.13833           0.00701
  -0.48375   0.20167   0.02833           0.00695
  -0.48375   0.20167   0.19500           0.00474
  -0.48375   0.20167   0.36167           0.00549
  -0.48375   0.20167   0.52833           0.00673
   0.51625   0.20167  -0.30500           0.00575
  -0.48375   0.20167  -0.13833           0.00661
  -0.48375   0.36833   0.02833           0.00648
  -0.48375   0.36833   0.19500           0.00466
  -0.48375   0.36833   0.36167           0.00489
  -0.48375   0.36833   0.52833           0.00623
   0.51625   0.36833  -0.30500           0.00551
  -0.48375   0.36833  -0.13833           0.00596
  -0.48375  -0.46500   0.02833           0.00594
  -0.48375  -0.46500   0.19500           0.00371
  -0.48375  -0.46500   0.36167           0.00544
  -0.48375  -0.46500   0.52833           0.00575
   0.51625  -0.46500  -0.30500           0.00438
  -0.48375  -0.46500  -0.13833           0.00616
  -0.48375  -0.29833   0.02833           0.00658
  -0.48375  -0.29833   0.19500           0.00424
  -0.48375  -0.29833   0.36167           0.00573
  -0.48375  -0.29833   0.52833           0.00633
   0.51625  -0.29833  -0.30500           0.00496
  -0.48375  -0.29833  -0.13833           0.00663
  -0.48375  -0.13167   0.02833           0.00700
  -0.48375  -0.13167   0.19500           0.00463
  -0.48375  -0.13167   0.36167           0.00591
  -0.48375  -0.13167   0.52833           0.00676
   0.51625  -0.13167  -0.30500           0.00547
  -0.48375  -0.13167  -0.13833           0.00695
  -0.35875   0.03500   0.02833           0.00178
  -0.35875   0.03500   0.19500           0.00161
  -0.35875   0.03500   0.36167           0.00170
  -0.35875   0.03500   0.52833           0.00190
  -0.35875   0.03500  -0.30500           0.00206
  -0.35875   0.03500  -0.13833           0.00198
  -0.35875   0.20167   0.02833           0.00177
  -0.35875   0.20167   0.19500           0.00160
  -0.35875   0.20167   0.36167           0.00160
  -0.35875   0.20167   0.52833           0.00192
  -0.35875   0.20167  -0.30500           0.00204
  -0.35875   0.20167  -0.13833           0.00186
  -0.35875   0.36833   0.02833           0.00160
  -0.35875   0.36833   0.19500           0.00157
  -0.35875   0.36833   0.36167           0.00144
  -0.35875   0.36833   0.52833           0.00171
  -0.35875   0.36833  -0.30500           0.00194
  -0.35875   0.36833  -0.13833           0.00168
  -0.35875  -0.46500   0.02833           0.00149
  -0.35875  -0.46500   0.19500           0.00136
  -0.35875  -0.46500   0.36167           0.00264
  -0.35875  -0.46500   0.52833           0.00153
  -0.35875  -0.46500  -0.30500           0.00164
  -0.35875  -0.46500  -0.13833           0.00293
  -0.35875  -0.29833   0.02833           0.00161
  -0.35875  -0.29833   0.19500           0.00153
  -0.35875  -0.29833   0.36167           0.00297
  -0.35875  -0.29833   0.52833           0.00165
  -0.35875  -0.29833  -0.30500           0.00186
  -0.35875  -0.29833  -0.13833           0.00333
  -0.35875  -0.13167   0.02833           0.00174
  -0.35875  -0.13167   0.19500           0.00160
  -0.35875  -0.13167   0.36167           0.00180
  -0.35875  -0.13167   0.52833           0.00182
  -0.35875  -0.13167  -0.30500           0.00200
  -0.35875  -0.13167  -0.13833           0.00212
  -0.23375   0.03500   0.02833           0.00003
  -0.23375   0.03500   0.19500           0.00005
  -0.23375   0.03500   0.36167           0.00004
  -0.23375   0.03500   0.52833           0.00004
  -0.23375   0.03500  -0.30500           0.00003
  -0.23375   0.03500  -0.13833           0.00004
  -0.23375   0.20167   0.02833           0.00003
  -0.23375   0.20167   0.19500           0.00005
  -0.23375   0.20167   0.36167           0.00004
  -0.23375   0.20167   0.52833           0.00004
  -0.23375   0.20167  -0.30500           0.00003
  -0.23375   0.20167  -0.13833           0.00004
  -0.23375   0.36833   0.02833           0.00003
  -0.23375   0.36833   0.19500           0.00004
  -0.23375   0.36833   0.36167           0.00005
  -0.23375   0.36833   0.52833           0.00004
  -0.23375   0.36833  -0.30500           0.00003
  -0.23375   0.36833  -0.13833           0.00005
  -0.23375  -0.46500   0.02833           0.00003
  -0.23375  -0.46500   0.19500           0.00004
  -0.23375  -0.46500   0.36167           0.00003
  -0.23375  -0.46500   0.52833           0.00003
  -0.23375  -0.46500  -0.30500           0.00003
  -0.23375  -0.46500  -0.13833           0.00003
  -0.23375  -0.29833   0.02833           0.00003
  -0.23375  -0.29833   0.19500           0.00004
  -0.23375  -0.29833   0.36167           0.00004
  -0.23375  -0.29833   0.52833           0.00003
  -0.23375  -0.29833  -0.30500           0.00003
  -0.23375  -0.29833  -0.13833           0.00004
  -0.23375  -0.13167   0.02833           0.00003
  -0.23375  -0.13167   0.19500           0.00005
  -0.23375  -0.13167   0.36167           0.00004
  -0.23375  -0.13167   0.52833           0.00003
  -0.23375  -0.13167  -0.30500           0.00003
  -0.23375  -0.13167  -0.13833           0.00004
  -0.10875   0.03500   0.02833           0.00648
  -0.10875   0.03500   0.19500           0.00717
  -0.10875   0.03500   0.36167           0.00364
  -0.10875   0.03500   0.52833           0.00536
  -0.10875   0.03500  -0.30500           0.00666
  -0.10875   0.03500  -0.13833           0.00497
  -0.10875   0.20167   0.02833           0.00637
  -0.10875   0.20167   0.19500           0.00691
  -0.10875   0.20167   0.36167           0.00319
  -0.10875   0.20167   0.52833           0.00512
  -0.10875   0.20167  -0.30500           0.00635
  -0.10875   0.20167  -0.13833           0.00450
  -0.10875   0.36833   0.02833           0.00528
  -0.10875   0.36833   0.19500           0.00637
  -0.10875   0.36833   0.36167           0.00258
  -0.10875   0.36833   0.52833           0.00430
  -0.10875   0.36833  -0.30500           0.00572
  -0.10875   0.36833  -0.13833           0.00373
  -0.10875  -0.46500   0.02833           0.00519
  -0.10875  -0.46500   0.19500           0.00572
  -0.10875  -0.46500   0.36167           0.00184
  -0.10875  -0.46500   0.52833           0.00466
  -0.10875  -0.46500  -0.30500           0.00535
  -0.10875  -0.46500  -0.13833           0.00172
  -0.10875  -0.29833   0.02833           0.00553
  -0.10875  -0.29833   0.19500           0.00654
  -0.10875  -0.29833   0.36167           0.00211
  -0.10875  -0.29833   0.52833           0.00490
  -0.10875  -0.29833  -0.30500           0.00600
  -0.10875  -0.29833  -0.13833           0.00196
  -0.10875  -0.13167   0.02833           0.00621
  -0.10875  -0.13167   0.19500           0.00708
  -0.10875  -0.13167   0.36167           0.00393
  -0.10875  -0.13167   0.52833           0.00529
  -0.10875  -0.13167  -0.30500           0.00655
  -0.10875  -0.13167  -0.13833           0.00511
