#       kx        ky        kz      sum |A(k)|^2
   0.01625   0.03500   0.02833           0.00006
   0.01625   0.03500   0.19500           0.00010
   0.01625   0.03500   0.36167           0.00002
   0.01625   0.03500  -0.47167           0.00003
   0.01625   0.03500  -0.30500           0.00006
   0.01625   0.03500  -0.13833           0.00004
   0.01625   0.20167   0.02833           0.00007
   0.01625   0.20167   0.19500           0.00010
   0.01625   0.20167   0.36167           0.00002
   0.01625   0.20167  -0.47167           0.00003
   0.01625   0.20167  -0.30500           0.00006
   0.01625   0.20167  -0.13833           0.00004
   0.01625   0.36833   0.02833           0.00006
   0.01625   0.36833   0.19500           0.00008
   0.01625   0.36833   0.36167           0.00002
   0.01625   0.36833  -0.47167           0.00003
   0.01625   0.36833  -0.30500           0.00006
   0.01625   0.36833  -0.13833           0.00004
   0.01625  -0.46500   0.02833           0.00003
   0.01625  -0.46500   0.19500           0.00005
   0.01625  -0.46500   0.36167           0.00002
   0.01625  -0.46500  -0.47167           0.00002
   0.01625  -0.46500  -0.30500           0.00003
   0.01625  -0.46500  -0.13833           0.00002
   0.01625  -0.29833   0.02833           0.00004
   0.01625  -0.29833   0.19500           0.00006
   0.01625  -0.29833   0.36167           0.00002
   0.01625  -0.29833  -0.47167           0.00002
   0.01625  -0.29833  -0.30500           0.00004
   0.01625  -0.29833  -0.13833           0.00002
   0.01625  -0.13167   0.02833           0.00005
   0.01625  -0.13167   0.19500           0.00008
   0.01625  -0.13167   0.36167           0.00002
   0.01625  -0.13167  -0.47167           0.00003
   0.01625  -0.13167  -0.30500           0.00005
   0.01625  -0.13167  -0.13833           0.00003
   0.14125   0.03500   0.02833           0.00616
   0.14125   0.03500   0.19500           0.00617
   0.14125   0.03500   0.36167           0.00429
   0.14125   0.03500  -0.47167           0.00645
   0.14125   0.03500  -0.30500           0.00817
   0.14125   0.03500  -0.13833           0.00609
   0.14125   0.20167   0.02833           0.00623
   0.14125   0.20167   0.19500           0.00590
   0.14125   0.20167   0.36167           0.00439
   0.14125   0.20167  -0.47167           0.00657
   0.14125   0.20167  -0.30500           0.00779
   0.14125   0.20167  -0.13833           0.00616
   0.14125   0.36833   0.02833           0.00563
   0.14125   0.36833   0.19500           0.00539
   0.14125   0.36833   0.36167           0.00402
   0.14125   0.36833  -0.47167           0.00581
   0.14125   0.36833  -0.30500           0.00696
   0.14125   0.36833  -0.13833           0.00553
   0.14125  -0.46500   0.02833           0.00457
   0.14125  -0.46500   0.19500           0.00556
   0.14125  -0.46500   0.36167           0.00162
   0.14125  -0.46500  -0.47167           0.00478
   0.14125  -0.46500  -0.30500           0.00689
   0.14125  -0.46500  -0.13833           0.00191
   0.14125  -0.29833   0.02833           0.00505
   0.14125  -0.29833   0.19500           0.00594
   0.14125  -0.29833   0.36167           0.00188
   0.14125  -0.29833  -0.47167           0.00526
   0.14125  -0.29833  -0.30500           0.00752
   0.14125  -0.29833  -0.13833           0.00226
   0.14125  -0.13167   0.02833           0.00573
   0.14125  -0.13167   0.19500           0.00615
   0.14125  -0.13167   0.36167           0.00404
   0.14125  -0.13167  -0.47167           0.00601
   0.14125  -0.13167  -0.30500           0.00803
   0.14125  -0.13167  -0.13833           0.00577
   0.26625   0.03500   0.02833           0.00788
   0.26625   0.03500   0.19500           0.00517
   0.26625   0.03500   0.36167           0.00780
   0.26625   0.03500  -0.47167           0.00914
   0.26625   0.03500  -0.30500           0.00687
   0.26625   0.03500  -0.13833           0.00803
   0.26625   0.20167   0.02833           0.00748
   0.26625   0.20167   0.19500           0.00469
   0.26625   0.20167   0.36167           0.00766
   0.26625   0.20167  -0.47167           0.00871
   0.26625   0.20167  -0.30500           0.00627
   0.26625   0.20167  -0.13833           0.00788
   0.26625   0.36833   0.02833           0.00683
   0.26625   0.36833   0.19500           0.00417
   0.26625   0.36833   0.36167           0.00719
   0.26625   0.36833  -0.47167           0.00793
   0.26625   0.36833  -0.30500           0.00563
   0.26625   0.36833  -0.13833           0.00735
   0.26625  -0.46500   0.02833           0.00711
   0.26625  -0.46500   0.19500           0.00539
   0.26625  -0.46500   0.36167           0.00599
   0.26625  -0.46500  -0.47167           0.00790
   0.26625  -0.46500  -0.30500           0.00656
   0.26625  -0.46500  -0.13833           0.00634
   0.26625  -0.29833   0.02833           0.00767
   0.26625  -0.29833   0.19500           0.00557
   0.26625  -0.29833   0.36167           0.00676
   0.26625  -0.29833  -0.47167           0.00868
   0.26625  -0.29833  -0.30500           0.00703
   0.26625  -0.29833  -0.13833           0.00704
   0.26625  -0.13167   0.02833           0.00794
   0.26625  -0.13167   0.19500           0.00549
   0.26625  -0.13167   0.36167           0.00742
   0.26625  -0.13167  -0.47167           0.00913
   0.26625  -0.13167  -0.30500           0.00720
   0.26625  -0.13167  -0.13833           0.00767
   0.39125   0.03500   0.02833           0.00147
   0.39125   0.03500   0.19500           0.00136
   0.39125   0.03500  -0.63833           0.00159
   0.39125   0.03500  -0.47167           0.00157
   0.39125   0.03500  -0.30500           0.00154
   0.39125   0.03500  -0.13833           0.00158
   0.39125   0.20167   0.02833           0.00144
   0.39125   0.20167   0.19500           0.00125
   0.39125   0.20167  -0.63833           0.00158
   0.39125   0.20167  -0.47167           0.00155
   0.39125   0.20167  -0.30500           0.00143
   0.39125   0.20167  -0.13833           0.00155
   0.39125   0.36833   0.02833           0.00128
   0.39125   0.36833   0.19500           0.00116
   0.39125   0.36833  -0.63833           0.00151
   0.39125   0.36833  -0.47167           0.00139
   0.39125   0.36833  -0.30500           0.00130
   0.39125   0.36833  -0.13833           0.00147
   0.39125  -0.46500   0.02833           0.00131
   0.39125  -0.46500   0.19500           0.00144
   0.39125  -0.46500  -0.63833           0.00267
   0.39125  -0.46500  -0.47167           0.00133
   0.39125  -0.46500  -0.30500           0.00149
   0.39125  -0.46500  -0.13833           0.00284
   0.39125  -0.29833   0.02833           0.00139
   0.39125  -0.29833   0.19500           0.00153
   0.39125  -0.29833  -0.63833           0.00301
   0.39125  -0.29833  -0.47167           0.00144
   0.39125  -0.29833  -0.30500           0.00159
   0.39125  -0.29833  -0.13833           0.00313
   0.39125  -0.13167   0.02833           0.00147
   0.39125  -0.13167   0.19500           0.00147
   0.39125  -0.13167  -0.63833           0.00162
   0.39125  -0.13167  -0.47167           0.00154
   0.39125  -0.13167  -0.30500           0.00160
   0.39125  -0.13167  -0.13833           0.00164
  -0.48375   0.03500   0.02833           0.00007
  -0.48375   0.03500   0.19500           0.00011
  -0.48375   0.03500   0.36167           0.00003
  -0.48375   0.03500   0.52833           0.00004
   0.51625   0.03500  -0.30500           0.00007
  -0.48375   0.03500  -0.13833           0.00004
  -0.48375   0.20167   0.02833           0.00007
  -0.48375   0.20167   0.19500           0.00011
  -0.48375   0.20167   0.36167           0.00003
  -0.48375   0.20167   0.52833           0.00004
   0.51625   0.20167  -0.30500           0.00007
  -0.48375   0.20167  -0.13833           0.00004
  -0.48375   0.36833   0.02833           0.00007
  -0.48375   0.36833   0.19500           0.00010
  -0.48375   0.36833   0.36167           0.00003
  -0.48375   0.36833   0.52833           0.00004
   0.51625   0.36833  -0.30500           0.00006
  -0.48375   0.36833  -0.13833           0.00004
  -0.48375  -0.46500   0.02833           0.00004
  -0.48375  -0.46500   0.19500           0.00007
  -0.48375  -0.46500   0.36167           0.00003
  -0.48375  -0.46500   0.52833           0.00003
   0.51625  -0.46500  -0.30500           0.00005
  -0.48375  -0.46500  -0.13833           0.00003
  -0.48375  -0.29833   0.02833           0.00005
  -0.48375  -0.29833   0.19500           0.00008
  -0.48375  -0.29833   0.36167           0.00003
  -0.48375  -0.29833   0.52833           0.00004
   0.51625  -0.29833  -0.30500           0.00005
  -0.48375  -0.29833  -0.13833           0.00003
  -0.48375  -0.13167   0.02833           0.00006
  -0.48375  -0.13167   0.19500           0.00009
  -0.48375  -0.13167   0.36167           0.00003
  -0.48375  -0.13167   0.52833           0.00004
   0.51625  -0.13167  -0.30500           0.00006
  -0.48375  -0.13167  -0.13833           0.00004
  -0.35875   0.03500   0.02833           0.00457
  -0.35875   0.03500   0.19500           0.00469
  -0.35875   0.03500   0.36167           0.00306
  -0.35875   0.03500   0.52833           0.00459
  -0.35875   0.03500  -0.30500           0.00570
  -0.35875   0.03500  -0.13833           0.00419
  -0.35875   0.20167   0.02833           0.00466
  -0.35875   0.20167   0.19500           0.00445
  -0.35875   0.20167   0.36167           0.00314
  -0.35875   0.20167   0.52833           0.00470
  -0.35875   0.20167  -0.30500           0.00541
  -0.35875   0.20167  -0.13833           0.00425
  -0.35875   0.36833   0.02833           0.00422
  -0.35875   0.36833   0.19500           0.00407
  -0.35875   0.36833   0.36167           0.00299
  -0.35875   0.36833   0.52833           0.00419
  -0.35875   0.36833  -0.30500           0.00487
  -0.35875   0.36833  -0.13833           0.00389
  -0.35875  -0.46500   0.02833           0.00343
  -0.35875  -0.46500   0.19500           0.00424
  -0.35875  -0.46500   0.36167           0.00139
  -0.35875  -0.46500   0.52833           0.00346
  -0.35875  -0.46500  -0.30500           0.00489
  -0.35875  -0.46500  -0.13833           0.00152
  -0.35875  -0.29833   0.02833           0.00376
  -0.35875  -0.29833   0.19500           0.00457
  -0.35875  -0.29833   0.36167           0.00157
  -0.35875  -0.29833   0.52833           0.00378
  -0.35875  -0.29833  -0.30500           0.00536
  -0.35875  -0.29833  -0.13833           0.00176
  -0.35875  -0.13167   0.02833           0.00426
  -0.35875  -0.13167   0.19500           0.00473
  -0.35875  -0.13167   0.36167           0.00288
  -0.35875  -0.13167   0.52833           0.00429
  -0.35875  -0.13167  -0.30500           0.00568
  -0.35875  -0.13167  -0.13833           0.00398
  -0.23375   0.03500   0.02833           0.00812
  -0.23375   0.03500   0.19500           0.00544
  -0.23375   0.03500   0.36167           0.00788
  -0.23375   0.03500   0.52833           0.00936
  -0.23375   0.03500  -0.30500           0.00708
  -0.23375   0.03500  -0.13833           0.00814
  -0.23375   0.20167   0.02833           0.00770
  -0.23375   0.20167   0.19500           0.00494
  -0.23375   0.20167   0.36167           0.00776
  -0.23375   0.20167   0.52833           0.00893
  -0.23375   0.20167  -0.30500           0.00648
  -0.23375   0.20167  -0.13833           0.00799
  -0.23375   0.36833   0.02833           0.00705
  -0.23375   0.36833   0.19500           0.00440
  -0.23375   0.36833   0.36167           0.00731
  -0.23375   0.36833   0.52833           0.00815
  -0.23375   0.36833  -0.30500           0.00582
  -0.23375   0.36833  -0.13833           0.00748
  -0.23375  -0.46500   0.02833           0.00733
  -0.23375  -0.46500   0.19500           0.00569
  -0.23375  -0.46500   0.36167           0.00609
  -0.23375  -0.46500   0.52833           0.00808
  -0.23375  -0.46500  -0.30500           0.00668
  -0.23375  -0.46500  -0.13833           0.00645
  -0.23375  -0.29833   0.02833           0.00792
  -0.23375  -0.29833   0.19500           0.00587
  -0.23375  -0.29833   0.36167           0.00687
  -0.23375  -0.29833   0.52833           0.00890
  -0.23375  -0.29833  -0.30500           0.00726
  -0.23375  -0.29833  -0.13833           0.00718
  -0.23375  -0.13167   0.02833           0.00819
  -0.23375  -0.13167   0.19500           0.00578
  -0.23375  -0.13167   0.36167           0.00752
  -0.23375  -0.13167   0.52833           0.00936
  -0.23375  -0.13167  -0.30500           0.00743
  -0.23375  -0.13167  -0.13833           0.00780
  -0.10875   0.03500   0.02833           0.00214
  -0.10875   0.03500   0.19500           0.00212
  -0.10875   0.03500   0.36167           0.00219
  -0.10875   0.03500   0.52833           0.00225
  -0.10875   0.03500  -0.30500           0.00224
  -0.10875   0.03500  -0.13833           0.00213
  -0.10875   0.20167   0.02833           0.00213
  -0.10875   0.20167   0.19500           0.00192
  -0.10875   0.20167   0.36167           0.00216
  -0.10875   0.20167   0.52833           0.00223
  -0.10875   0.20167  -0.30500           0.00205
  -0.10875   0.20167  -0.13833           0.00207
  -0.10875   0.36833   0.02833           0.00186
  -0.10875   0.36833   0.19500           0.00177
  -0.10875   0.36833   0.36167           0.00209
  -0.10875   0.36833   0.52833           0.00198
  -0.10875   0.36833  -0.30500           0.00186
  -0.10875   0.36833  -0.13833           0.00200
  -0.10875  -0.46500   0.02833           0.00186
  -0.10875  -0.46500   0.19500           0.00222
  -0.10875  -0.46500   0.36167           0.00382
  -0.10875  -0.46500   0.52833           0.00190
  -0.10875  -0.46500  -0.30500           0.00220
  -0.10875  -0.46500  -0.13833           0.00395
  -0.10875  -0.29833   0.02833           0.00198
  -0.10875  -0.29833   0.19500           0.00241
  -0.10875  -0.29833   0.36167           0.00431
  -0.10875  -0.29833   0.52833           0.00206
  -0.10875  -0.29833  -0.30500           0.00239
  -0.10875  -0.29833  -0.13833           0.00433
  -0.10875  -0.13167   0.02833           0.00213
  -0.10875  -0.13167   0.19500           0.00232
  -0.10875  -0.13167   0.36167           0.00228
  -0.10875  -0.13167   0.52833           0.00221
  -0.10875  -0.13167  -0.30500           0.00238
  -0.10875  -0.13167  -0.13833           0.00222
