#       kx        ky        kz      sum |A(k)|^2
   0.01300   0.03500   0.02125           0.00683
   0.01300   0.03500   0.14625           0.00477
   0.01300   0.03500   0.27125           0.00363
   0.01300   0.03500   0.39625           0.00534
   0.01300   0.03500  -0.47875           0.00590
   0.01300   0.03500  -0.35375           0.00521
   0.01300   0.03500  -0.22875           0.00522
   0.01300   0.03500  -0.10375           0.00689
   0.01300   0.20167   0.02125           0.00655
   0.01300   0.20167   0.14625           0.00458
   0.01300   0.20167   0.27125           0.00347
   0.01300   0.20167   0.39625           0.00506
   0.01300   0.20167  -0.47875           0.00568
   0.01300   0.20167  -0.35375           0.00502
   0.01300   0.20167  -0.22875           0.00510
   0.01300   0.20167  -0.10375           0.00653
   0.01300   0.36833   0.02125           0.00597
   0.01300   0.36833   0.14625           0.00426
   0.01300   0.36833   0.27125           0.00308
   0.01300   0.36833   0.39625           0.00459
   0.01300   0.36833  -0.47875           0.00521
   0.01300   0.36833  -0.35375           0.00466
   0.01300   0.36833  -0.22875           0.00446
   0.01300   0.36833  -0.10375           0.00588
   0.01300  -0.46500   0.02125           0.00559
   0.01300  -0.46500   0.14625           0.00381
   0.01300  -0.46500   0.27125           0.00342
   0.01300  -0.46500   0.39625           0.00473
   0.01300  -0.46500  -0.47875           0.00497
   0.01300  -0.46500  -0.35375           0.00425
   0.01300  -0.46500  -0.22875           0.00458
   0.01300  -0.46500  -0.10375           0.00584
   0.01300  -0.29833   0.02125           0.00625
   0.01300  -0.29833   0.14625           0.00431
   0.01300  -0.29833   0.27125           0.00353
   0.01300  -0.29833   0.39625           0.00511
   0.01300  -0.29833  -0.47875           0.00547
   0.01300  -0.29833  -0.35375           0.00474
   0.01300  -0.29833  -0.22875           0.00480
   0.01300  -0.29833  -0.10375           0.00645
   0.01300  -0.13167   0.02125           0.00671
   0.01300  -0.13167   0.14625           0.00479
   0.01300  -0.13167   0.27125           0.00363
   0.01300  -0.13167   0.39625           0.00534
   0.01300  -0.13167  -0.47875           0.00582
   0.01300  -0.13167  -0.35375           0.00519
   0.01300  -0.13167  -0.22875           0.00509
   0.01300  -0.13167  -0.10375           0.00684
   0.11300   0.03500   0.02125           0.00320
   0.11300   0.03500   0.14625           0.00173
   0.11300   0.03500   0.27125           0.00372
   0.11300   0.03500   0.39625           0.00390
   0.11300   0.03500  -0.47875           0.00340
   0.11300   0.03500  -0.35375           0.00216
   0.11300   0.03500  -0.22875           0.00476
   0.11300   0.03500  -0.10375           0.00447
   0.11300   0.20167   0.02125           0.00305
   0.11300   0.20167   0.14625           0.00167
   0.11300   0.20167   0.27125           0.00358
   0.11300   0.20167   0.39625           0.00376
   0.11300   0.20167  -0.47875           0.00332
   0.11300   0.20167  -0.35375           0.00209
   0.11300   0.20167  -0.22875           0.00457
   0.11300   0.20167  -0.10375           0.00428
   0.11300   0.36833   0.02125           0.00287
   0.11300   0.36833   0.14625           0.00149
   0.11300   0.36833   0.27125           0.00324
   0.11300   0.36833   0.39625           0.00338
   0.11300   0.36833  -0.47875           0.00310
   0.11300   0.36833  -0.35375           0.00184
   0.11300   0.36833  -0.22875           0.00410
   0.11300   0.36833  -0.10375           0.00379
   0.11300  -0.46500   0.02125           0.00262
   0.11300  -0.46500   0.14625           0.00141
   0.11300  -0.46500   0.27125           0.00327
   0.11300  -0.46500   0.39625           0.00317
   0.11300  -0.46500  -0.47875           0.00277
   0.11300  -0.46500  -0.35375           0.00169
   0.11300  -0.46500  -0.22875           0.00408
   0.11300  -0.46500  -0.10375           0.00356
   0.11300  -0.29833   0.02125           0.00299
   0.11300  -0.29833   0.14625           0.00158
   0.11300  -0.29833   0.27125           0.00350
   0.11300  -0.29833   0.39625           0.00359
   0.11300  -0.29833  -0.47875           0.00309
   0.11300  -0.29833  -0.35375           0.00193
   0.11300  -0.29833  -0.22875           0.00444
   0.11300  -0.29833  -0.10375           0.00410
   0.11300  -0.13167   0.02125           0.00317
   0.11300  -0.13167   0.14625           0.00166
   0.11300  -0.13167   0.27125           0.00368
   0.11300  -0.13167   0.39625           0.00395
   0.11300  -0.13167  -0.47875           0.00332
   0.11300  -0.13167  -0.35375           0.00205
   0.11300  -0.13167  -0.22875           0.00471
   0.11300  -0.13167  -0.10375           0.00457
   0.21300   0.03500   0.02125           0.00029
   0.21300   0.03500   0.14625           0.00023
   0.21300   0.03500   0.27125           0.00033
   0.21300   0.03500   0.39625           0.00039
   0.21300   0.03500  -0.47875           0.00041
   0.21300   0.03500  -0.35375           0.00037
   0.21300   0.03500  -0.22875           0.00037
   0.21300   0.03500  -0.10375           0.00033
   0.21300   0.20167   0.02125           0.00028
   0.21300   0.20167   0.14625           0.00022
   0.21300   0.20167   0.27125           0.00031
   0.21300   0.20167   0.39625           0.00037
   0.21300   0.20167  -0.47875           0.00040
   0.21300   0.20167  -0.35375           0.00036
   0.21300   0.20167  -0.22875           0.00033
   0.21300   0.20167  -0.10375           0.00032
   0.21300   0.36833   0.02125           0.00026
   0.21300   0.36833   0.14625           0.00021
   0.21300   0.36833   0.27125           0.00027
   0.21300   0.36833   0.39625           0.00033
   0.21300   0.36833  -0.47875           0.00036
   0.21300   0.36833  -0.35375           0.00033
   0.21300   0.36833  -0.22875           0.00030
   0.21300   0.36833  -0.10375           0.00029
   0.21300  -0.46500   0.02125           0.00023
   0.21300  -0.46500   0.14625           0.00018
   0.21300  -0.46500   0.27125           0.00011
   0.21300  -0.46500   0.39625           0.00031
   0.21300  -0.46500  -0.47875           0.00032
   0.21300  -0.46500  -0.35375           0.00029
   0.21300  -0.46500  -0.22875           0.00019
   0.21300  -0.46500  -0.10375           0.00027
   0.21300  -0.29833   0.02125           0.00026
   0.21300  -0.29833   0.14625           0.00020
   0.21300  -0.29833   0.27125           0.00031
   0.21300  -0.29833   0.39625           0.00035
   0.21300  -0.29833  -0.47875           0.00036
   0.21300  -0.29833  -0.35375           0.00033
   0.21300  -0.29833  -0.22875           0.00035
   0.21300  -0.29833  -0.10375           0.00030
   0.21300  -0.13167   0.02125           0.00029
   0.21300  -0.13167   0.14625           0.00022
   0.21300  -0.13167   0.27125           0.00034
   0.21300  -0.13167   0.39625           0.00038
   0.21300  -0.13167  -0.47875           0.00040
   0.21300  -0.13167  -0.35375           0.00036
   0.21300  -0.13167  -0.22875           0.00038
   0.21300  -0.13167  -0.10375           0.00033
   0.31300   0.03500   0.02125           0.00018
   0.31300   0.03500   0.14625           0.00020
   0.31300   0.03500   0.27125           0.00010
   0.31300   0.03500  -0.60375           0.00013
   0.31300   0.03500  -0.47875           0.00015
   0.31300   0.03500  -0.35375           0.00017
   0.31300   0.03500  -0.22875           0.00012
   0.31300   0.03500  -0.10375           0.00016
   0.31300   0.20167   0.02125           0.00017
   0.31300   0.20167   0.14625           0.00019
   0.31300   0.20167   0.27125           0.00009
   0.31300   0.20167  -0.60375           0.00012
   0.31300   0.20167  -0.47875           0.00014
   0.31300   0.20167  -0.35375           0.00016
   0.31300   0.20167  -0.22875           0.00012
   0.31300   0.20167  -0.10375           0.00015
   0.31300   0.36833   0.02125           0.00015
   0.31300   0.36833   0.14625           0.00018
   0.31300   0.36833   0.27125           0.00008
   0.31300   0.36833  -0.60375           0.00011
   0.31300   0.36833  -0.47875           0.00013
   0.31300   0.36833  -0.35375           0.00015
   0.31300   0.36833  -0.22875           0.00011
   0.31300   0.36833  -0.10375           0.00014
   0.31300  -0.46500   0.02125           0.00016
   0.31300  -0.46500   0.14625           0.00017
   0.31300  -0.46500   0.27125           0.00010
   0.31300  -0.46500  -0.60375           0.00012
   0.31300  -0.46500  -0.47875           0.00014
   0.31300  -0.46500  -0.35375           0.00015
   0.31300  -0.46500  -0.22875           0.00012
   0.31300  -0.46500  -0.10375           0.00015
   0.31300  -0.29833   0.02125           0.00017
   0.31300  -0.29833   0.14625           0.00018
   0.31300  -0.29833   0.27125           0.00010
   0.31300  -0.29833  -0.60375           0.00013
   0.31300  -0.29833  -0.47875           0.00015
   0.31300  -0.29833  -0.35375           0.00016
   0.31300  -0.29833  -0.22875           0.00012
   0.31300  -0.29833  -0.10375           0.00016
   0.31300  -0.13167   0.02125           0.00018
   0.31300  -0.13167   0.14625           0.00019
   0.31300  -0.13167   0.27125           0.00010
   0.31300  -0.13167  -0.60375           0.00013
   0.31300  -0.13167  -0.47875           0.00015
   0.31300  -0.13167  -0.35375           0.00017
   0.31300  -0.13167  -0.22875           0.00012
   0.31300  -0.13167  -0.10375           0.00016
   0.41300   0.03500   0.02125           0.00286
   0.41300   0.03500   0.14625           0.00303
   0.41300   0.03500   0.27125           0.00244
   0.41300   0.03500  -0.60375           0.00197
   0.41300   0.03500  -0.47875           0.00266
   0.41300   0.03500  -0.35375           0.00302
   0.41300   0.03500  -0.22875           0.00278
   0.41300   0.03500  -0.10375           0.00238
   0.41300   0.20167   0.02125           0.00280
   0.41300   0.20167   0.14625           0.00295
   0.41300   0.20167   0.27125           0.00237
   0.41300   0.20167  -0.60375           0.00187
   0.41300   0.20167  -0.47875           0.00258
   0.41300   0.20167  -0.35375           0.00292
   0.41300   0.20167  -0.22875           0.00267
   0.41300   0.20167  -0.10375           0.00227
   0.41300   0.36833   0.02125           0.00249
   0.41300   0.36833   0.14625           0.00274
   0.41300   0.36833   0.27125           0.00229
   0.41300   0.36833  -0.60375           0.00169
   0.41300   0.36833  -0.47875           0.00230
   0.41300   0.36833  -0.35375           0.00270
   0.41300   0.36833  -0.22875           0.00255
   0.41300   0.36833  -0.10375           0.00209
   0.41300  -0.46500   0.02125           0.00240
   0.41300  -0.46500   0.14625           0.00256
   0.41300  -0.46500   0.27125           0.00203
   0.41300  -0.46500  -0.60375           0.00186
   0.41300  -0.46500  -0.47875           0.00229
   0.41300  -0.46500  -0.35375           0.00258
   0.41300  -0.46500  -0.22875           0.00234
   0.41300  -0.46500  -0.10375           0.00217
   0.41300  -0.29833   0.02125           0.00259
   0.41300  -0.29833   0.14625           0.00281
   0.41300  -0.29833   0.27125           0.00224
   0.41300  -0.29833  -0.60375           0.00199
   0.41300  -0.29833  -0.47875           0.00246
   0.41300  -0.29833  -0.35375           0.00282
   0.41300  -0.29833  -0.22875           0.00257
   0.41300  -0.29833  -0.10375           0.00231
   0.41300  -0.13167   0.02125           0.00278
   0.41300  -0.13167   0.14625           0.00299
   0.41300  -0.13167   0.27125           0.00241
   0.41300  -0.13167  -0.60375           0.00203
   0.41300  -0.13167  -0.47875           0.00261
   0.41300  -0.13167  -0.35375           0.00300
   0.41300  -0.13167  -0.22875           0.00275
   0.41300  -0.13167  -0.10375           0.00239
  -0.48700   0.03500   0.02125           0.00417
  -0.48700   0.03500   0.14625           0.00312
  -0.48700   0.03500   0.27125           0.00275
  -0.48700   0.03500   0.39625           0.00384
  -0.48700   0.03500   0.52125           0.00412
   0.51300   0.03500  -0.35375           0.00358
   0.51300   0.03500  -0.22875           0.00347
  -0.48700   0.03500  -0.10375           0.00425
  -0.48700   0.20167   0.02125           0.00404
  -0.48700   0.20167   0.14625           0.00303
  -0.48700   0.20167   0.27125           0.00265
  -0.48700   0.20167   0.39625           0.00366
  -0.48700   0.20167   0.52125           0.00398
   0.51300   0.20167  -0.35375           0.00348
   0.51300   0.20167  -0.22875           0.00340
  -0.48700   0.20167  -0.10375           0.00407
  -0.48700   0.36833   0.02125           0.00375
  -0.48700   0.36833   0.14625           0.00286
  -0.48700   0.36833   0.27125           0.00238
  -0.48700   0.36833   0.39625           0.00335
  -0.48700   0.36833   0.52125           0.00368
   0.51300   0.36833  -0.35375           0.00325
   0.51300   0.36833  -0.22875           0.00304
  -0.48700   0.36833  -0.10375           0.00374
  -0.48700  -0.46500   0.02125           0.00353
  -0.48700  -0.46500   0.14625           0.00257
  -0.48700  -0.46500   0.27125           0.00259
  -0.48700  -0.46500   0.39625           0.00340
  -0.48700  -0.46500   0.52125           0.00349
   0.51300  -0.46500  -0.35375           0.00296
   0.51300  -0.46500  -0.22875           0.00311
  -0.48700  -0.46500  -0.10375           0.00370
  -0.48700  -0.29833   0.02125           0.00387
  -0.48700  -0.29833   0.14625           0.00286
  -0.48700  -0.29833   0.27125           0.00266
  -0.48700  -0.29833   0.39625           0.00367
  -0.48700  -0.29833   0.52125           0.00382
   0.51300  -0.29833  -0.35375           0.00327
   0.51300  -0.29833  -0.22875           0.00324
  -0.48700  -0.29833  -0.10375           0.00402
  -0.48700  -0.13167   0.02125           0.00411
  -0.48700  -0.13167   0.14625           0.00312
  -0.48700  -0.13167   0.27125           0.00274
  -0.48700  -0.13167   0.39625           0.00383
  -0.48700  -0.13167   0.52125           0.00405
   0.51300  -0.13167  -0.35375           0.00356
   0.51300  -0.13167  -0.22875           0.00340
  -0.48700  -0.13167  -0.10375           0.00422
  -0.38700   0.03500   0.02125           0.00237
  -0.38700   0.03500   0.14625           0.00150
  -0.38700   0.03500   0.27125           0.00297
  -0.38700   0.03500   0.39625           0.00297
  -0.38700   0.03500   0.52125           0.00257
  -0.38700   0.03500   0.64625           0.00168
  -0.38700   0.03500  -0.22875           0.00336
  -0.38700   0.03500  -0.10375           0.00310
  -0.38700   0.20167   0.02125           0.00231
  -0.38700   0.20167   0.14625           0.00146
  -0.38700   0.20167   0.27125           0.00285
  -0.38700   0.20167   0.39625           0.00288
  -0.38700   0.20167   0.52125           0.00253
  -0.38700   0.20167   0.64625           0.00164
  -0.38700   0.20167  -0.22875           0.00322
  -0.38700   0.20167  -0.10375           0.00300
  -0.38700   0.36833   0.02125           0.00219
  -0.38700   0.36833   0.14625           0.00131
  -0.38700   0.36833   0.27125           0.00262
  -0.38700   0.36833   0.39625           0.00262
  -0.38700   0.36833   0.52125           0.00238
  -0.38700   0.36833   0.64625           0.00146
  -0.38700   0.36833  -0.22875           0.00296
  -0.38700   0.36833  -0.10375           0.00273
  -0.38700  -0.46500   0.02125           0.00198
  -0.38700  -0.46500   0.14625           0.00123
  -0.38700  -0.46500   0.27125           0.00262
  -0.38700  -0.46500   0.39625           0.00244
  -0.38700  -0.46500   0.52125           0.00211
  -0.38700  -0.46500   0.64625           0.00134
  -0.38700  -0.46500  -0.22875           0.00295
  -0.38700  -0.46500  -0.10375           0.00256
  -0.38700  -0.29833   0.02125           0.00220
  -0.38700  -0.29833   0.14625           0.00137
  -0.38700  -0.29833   0.27125           0.00282
  -0.38700  -0.29833   0.39625           0.00274
  -0.38700  -0.29833   0.52125           0.00232
  -0.38700  -0.29833   0.64625           0.00151
  -0.38700  -0.29833  -0.22875           0.00319
  -0.38700  -0.29833  -0.10375           0.00289
  -0.38700  -0.13167   0.02125           0.00233
  -0.38700  -0.13167   0.14625           0.00144
  -0.38700  -0.13167   0.27125           0.00295
  -0.38700  -0.13167   0.39625           0.00298
  -0.38700  -0.13167   0.52125           0.00249
  -0.38700  -0.13167   0.64625           0.00161
  -0.38700  -0.13167  -0.22875           0.00334
  -0.38700  -0.13167  -0.10375           0.00315
  -0.28700   0.03500   0.02125           0.00042
  -0.28700   0.03500   0.14625           0.00034
  -0.28700   0.03500   0.27125           0.00046
  -0.28700   0.03500   0.39625           0.00050
  -0.28700   0.03500   0.52125           0.00051
  -0.28700   0.03500  -0.35375           0.00046
  -0.28700   0.03500  -0.22875           0.00050
  -0.28700   0.03500  -0.10375           0.00047
  -0.28700   0.20167   0.02125           0.00042
  -0.28700   0.20167   0.14625           0.00033
  -0.28700   0.20167   0.27125           0.00043
  -0.28700   0.20167   0.39625           0.00049
  -0.28700   0.20167   0.52125           0.00050
  -0.28700   0.20167  -0.35375           0.00045
  -0.28700   0.20167  -0.22875           0.00046
  -0.28700   0.20167  -0.10375           0.00045
  -0.28700   0.36833   0.02125           0.00039
  -0.28700   0.36833   0.14625           0.00032
  -0.28700   0.36833   0.27125           0.00039
  -0.28700   0.36833   0.39625           0.00044
  -0.28700   0.36833   0.52125           0.00047
  -0.28700   0.36833  -0.35375           0.00042
  -0.28700   0.36833  -0.22875           0.00043
  -0.28700   0.36833  -0.10375           0.00042
  -0.28700  -0.46500   0.02125           0.00035
  -0.28700  -0.46500   0.14625           0.00028
  -0.28700  -0.46500   0.27125           0.00017
  -0.28700  -0.46500   0.39625           0.00041
  -0.28700  -0.46500   0.52125           0.00041
  -0.28700  -0.46500  -0.35375           0.00036
  -0.28700  -0.46500  -0.22875           0.00026
  -0.28700  -0.46500  -0.10375           0.00039
  -0.28700  -0.29833   0.02125           0.00039
  -0.28700  -0.29833   0.14625           0.00031
  -0.28700  -0.29833   0.27125           0.00043
  -0.28700  -0.29833   0.39625           0.00045
  -0.28700  -0.29833   0.52125           0.00046
  -0.28700  -0.29833  -0.35375           0.00041
  -0.28700  -0.29833  -0.22875           0.00048
  -0.28700  -0.29833  -0.10375           0.00042
  -0.28700  -0.13167   0.02125           0.00041
  -0.28700  -0.13167   0.14625           0.00033
  -0.28700  -0.13167   0.27125           0.00046
  -0.28700  -0.13167   0.39625           0.00049
  -0.28700  -0.13167   0.52125           0.00050
  -0.28700  -0.13167  -0.35375           0.00044
  -0.28700  -0.13167  -0.22875           0.00052
  -0.28700  -0.13167  -0.10375           0.00046
  -0.18700   0.03500   0.02125           0.00012
  -0.18700   0.03500   0.14625           0.00014
  -0.18700   0.03500   0.27125           0.00006
  -0.18700   0.03500   0.39625           0.00008
  -0.18700   0.03500   0.52125           0.00009
  -0.18700   0.03500  -0.35375           0.00010
  -0.18700   0.03500  -0.22875           0.00006
  -0.18700   0.03500  -0.10375           0.00009
  -0.18700   0.20167   0.02125           0.00011
  -0.18700   0.20167   0.14625           0.00014
  -0.18700   0.20167   0.27125           0.00006
  -0.18700   0.20167   0.39625           0.00007
  -0.18700   0.20167   0.52125           0.00008
  -0.18700   0.20167  -0.35375           0.00010
  -0.18700   0.20167  -0.22875           0.00006
  -0.18700   0.20167  -0.10375           0.00008
  -0.18700   0.36833   0.02125           0.00009
  -0.18700   0.36833   0.14625           0.00012
  -0.18700   0.36833   0.27125           0.00005
  -0.18700   0.36833   0.39625           0.00006
  -0.18700   0.36833   0.52125           0.00007
  -0.18700   0.36833  -0.35375           0.00009
  -0.18700   0.36833  -0.22875           0.00005
  -0.18700   0.36833  -0.10375           0.00007
  -0.18700  -0.46500   0.02125           0.00010
  -0.18700  -0.46500   0.14625           0.00012
  -0.18700  -0.46500   0.27125           0.00006
  -0.18700  -0.46500   0.39625           0.00008
  -0.18700  -0.46500   0.52125           0.00008
  -0.18700  -0.46500  -0.35375           0.00009
  -0.18700  -0.46500  -0.22875           0.00006
  -0.18700  -0.46500  -0.10375           0.00008
  -0.18700  -0.29833   0.02125           0.00011
  -0.18700  -0.29833   0.14625           0.00013
  -0.18700  -0.29833   0.27125           0.00006
  -0.18700  -0.29833   0.39625           0.00008
  -0.18700  -0.29833   0.52125           0.00009
  -0.18700  -0.29833  -0.35375           0.00010
  -0.18700  -0.29833  -0.22875           0.00006
  -0.18700  -0.29833  -0.10375           0.00009
  -0.18700  -0.13167   0.02125           0.00012
  -0.18700  -0.13167   0.14625           0.00014
  -0.18700  -0.13167   0.27125           0.00006
  -0.18700  -0.13167   0.39625           0.00008
  -0.18700  -0.13167   0.52125           0.00009
  -0.18700  -0.13167  -0.35375           0.00010
  -0.18700  -0.13167  -0.22875           0.00006
  -0.18700  -0.13167  -0.10375           0.00009
  -0.08700   0.03500   0.02125           0.00400
  -0.08700   0.03500   0.14625           0.00437
  -0.08700   0.03500   0.27125           0.00335
  -0.08700   0.03500   0.39625           0.00233
  -0.08700   0.03500   0.52125           0.00332
  -0.08700   0.03500  -0.35375           0.00390
  -0.08700   0.03500  -0.22875           0.00361
  -0.08700   0.03500  -0.10375           0.00308
  -0.08700   0.20167   0.02125           0.00391
  -0.08700   0.20167   0.14625           0.00420
  -0.08700   0.20167   0.27125           0.00318
  -0.08700   0.20167   0.39625           0.00218
  -0.08700   0.20167   0.52125           0.00321
  -0.08700   0.20167  -0.35375           0.00374
  -0.08700   0.20167  -0.22875           0.00342
  -0.08700   0.20167  -0.10375           0.00291
  -0.08700   0.36833   0.02125           0.00337
  -0.08700   0.36833   0.14625           0.00382
  -0.08700   0.36833   0.27125           0.00306
  -0.08700   0.36833   0.39625           0.00196
  -0.08700   0.36833   0.52125           0.00281
  -0.08700   0.36833  -0.35375           0.00341
  -0.08700   0.36833  -0.22875           0.00326
  -0.08700   0.36833  -0.10375           0.00267
  -0.08700  -0.46500   0.02125           0.00325
  -0.08700  -0.46500   0.14625           0.00358
  -0.08700  -0.46500   0.27125           0.00273
  -0.08700  -0.46500   0.39625           0.00221
  -0.08700  -0.46500   0.52125           0.00285
  -0.08700  -0.46500  -0.35375           0.00330
  -0.08700  -0.46500  -0.22875           0.00303
  -0.08700  -0.46500  -0.10375           0.00279
  -0.08700  -0.29833   0.02125           0.00355
  -0.08700  -0.29833   0.14625           0.00400
  -0.08700  -0.29833   0.27125           0.00306
  -0.08700  -0.29833   0.39625           0.00236
  -0.08700  -0.29833   0.52125           0.00306
  -0.08700  -0.29833  -0.35375           0.00364
  -0.08700  -0.29833  -0.22875           0.00336
  -0.08700  -0.29833  -0.10375           0.00297
  -0.08700  -0.13167   0.02125           0.00387
  -0.08700  -0.13167   0.14625           0.00434
  -0.08700  -0.13167   0.27125           0.00331
  -0.08700  -0.13167   0.39625           0.00240
  -0.08700  -0.13167   0.52125           0.00326
  -0.08700  -0.13167  -0.35375           0.00390
  -0.08700  -0.13167  -0.22875           0.00358
  -0.08700  -0.13167  -0.10375           0.00308
