#       kx        ky        kz      sum |A(k)|^2
   0.01300   0.03500   0.02125           0.00685
   0.01300   0.03500   0.14625           0.00476
   0.01300   0.03500   0.27125           0.00373
   0.01300   0.03500   0.39625           0.00544
   0.01300   0.03500  -0.47875           0.00594
   0.01300   0.03500  -0.35375           0.00520
   0.01300   0.03500  -0.22875           0.00532
   0.01300   0.03500  -0.10375           0.00698
   0.01300   0.20167   0.02125           0.00652
   0.01300   0.20167   0.14625           0.00440
   0.01300   0.20167   0.27125           0.00378
   0.01300   0.20167   0.39625           0.00530
   0.01300   0.20167  -0.47875           0.00569
   0.01300   0.20167  -0.35375           0.00488
   0.01300   0.20167  -0.22875           0.00539
   0.01300   0.20167  -0.10375           0.00673
   0.01300   0.36833   0.02125           0.00589
   0.01300   0.36833   0.14625           0.00394
   0.01300   0.36833   0.27125           0.00356
   0.01300   0.36833   0.39625           0.00493
   0.01300   0.36833  -0.47875           0.00522
   0.01300   0.36833  -0.35375           0.00441
   0.01300   0.36833  -0.22875           0.00485
   0.01300   0.36833  -0.10375           0.00613
   0.01300  -0.46500   0.02125           0.00576
   0.01300  -0.46500   0.14625           0.00422
   0.01300  -0.46500   0.27125           0.00295
   0.01300  -0.46500   0.39625           0.00444
   0.01300  -0.46500  -0.47875           0.00507
   0.01300  -0.46500  -0.35375           0.00461
   0.01300  -0.46500  -0.22875           0.00422
   0.01300  -0.46500  -0.10375           0.00564
   0.01300  -0.29833   0.02125           0.00638
   0.01300  -0.29833   0.14625           0.00460
   0.01300  -0.29833   0.27125           0.00323
   0.01300  -0.29833   0.39625           0.00492
   0.01300  -0.29833  -0.47875           0.00556
   0.01300  -0.29833  -0.35375           0.00501
   0.01300  -0.29833  -0.22875           0.00455
   0.01300  -0.29833  -0.10375           0.00629
   0.01300  -0.13167   0.02125           0.00679
   0.01300  -0.13167   0.14625           0.00493
   0.01300  -0.13167   0.27125           0.00353
   0.01300  -0.13167   0.39625           0.00529
   0.01300  -0.13167  -0.47875           0.00588
   0.01300  -0.13167  -0.35375           0.00533
   0.01300  -0.13167  -0.22875           0.00500
   0.01300  -0.13167  -0.10375           0.00679
   0.11300   0.03500   0.02125           0.00321
   0.11300   0.03500   0.14625           0.00177
   0.11300   0.03500   0.27125           0.00380
   0.11300   0.03500   0.39625           0.00394
   0.11300   0.03500  -0.47875           0.00341
   0.11300   0.03500  -0.35375           0.00220
   0.11300   0.03500  -0.22875           0.00485
   0.11300   0.03500  -0.10375           0.00452
   0.11300   0.20167   0.02125           0.00298
   0.11300   0.20167   0.14625           0.00170
   0.11300   0.20167   0.27125           0.00375
   0.11300   0.20167   0.39625           0.00377
   0.11300   0.20167  -0.47875           0.00322
   0.11300   0.20167  -0.35375           0.00210
   0.11300   0.20167  -0.22875           0.00475
   0.11300   0.20167  -0.10375           0.00431
   0.11300   0.36833   0.02125           0.00271
   0.11300   0.36833   0.14625           0.00150
   0.11300   0.36833   0.27125           0.00347
   0.11300   0.36833   0.39625           0.00337
   0.11300   0.36833  -0.47875           0.00292
   0.11300   0.36833  -0.35375           0.00182
   0.11300   0.36833  -0.22875           0.00433
   0.11300   0.36833  -0.10375           0.00381
   0.11300  -0.46500   0.02125           0.00287
   0.11300  -0.46500   0.14625           0.00147
   0.11300  -0.46500   0.27125           0.00312
   0.11300  -0.46500   0.39625           0.00326
   0.11300  -0.46500  -0.47875           0.00305
   0.11300  -0.46500  -0.35375           0.00179
   0.11300  -0.46500  -0.22875           0.00393
   0.11300  -0.46500  -0.10375           0.00364
   0.11300  -0.29833   0.02125           0.00317
   0.11300  -0.29833   0.14625           0.00163
   0.11300  -0.29833   0.27125           0.00341
   0.11300  -0.29833   0.39625           0.00368
   0.11300  -0.29833  -0.47875           0.00330
   0.11300  -0.29833  -0.35375           0.00202
   0.11300  -0.29833  -0.22875           0.00434
   0.11300  -0.29833  -0.10375           0.00417
   0.11300  -0.13167   0.02125           0.00326
   0.11300  -0.13167   0.14625           0.00171
   0.11300  -0.13167   0.27125           0.00367
   0.11300  -0.13167   0.39625           0.00402
   0.11300  -0.13167  -0.47875           0.00343
   0.11300  -0.13167  -0.35375           0.00211
   0.11300  -0.13167  -0.22875           0.00470
   0.11300  -0.13167  -0.10375           0.00462
   0.21300   0.03500   0.02125           0.00031
   0.21300   0.03500   0.14625           0.00024
   0.21300   0.03500   0.27125           0.00035
   0.21300   0.03500   0.39625           0.00041
   0.21300   0.03500  -0.47875           0.00043
   0.21300   0.03500  -0.35375           0.00039
   0.21300   0.03500  -0.22875           0.00039
   0.21300   0.03500  -0.10375           0.00035
   0.21300   0.20167   0.02125           0.00029
   0.21300   0.20167   0.14625           0.00022
   0.21300   0.20167   0.27125           0.00033
   0.21300   0.20167   0.39625           0.00039
   0.21300   0.20167  -0.47875           0.00040
   0.21300   0.20167  -0.35375           0.00036
   0.21300   0.20167  -0.22875           0.00036
   0.21300   0.20167  -0.10375           0.00034
   0.21300   0.36833   0.02125           0.00026
   0.21300   0.36833   0.14625           0.00020
   0.21300   0.36833   0.27125           0.00031
   0.21300   0.36833   0.39625           0.00035
   0.21300   0.36833  -0.47875           0.00036
   0.21300   0.36833  -0.35375           0.00032
   0.21300   0.36833  -0.22875           0.00034
   0.21300   0.36833  -0.10375           0.00030
   0.21300  -0.46500   0.02125           0.00027
   0.21300  -0.46500   0.14625           0.00023
   0.21300  -0.46500   0.27125           0.00015
   0.21300  -0.46500   0.39625           0.00033
   0.21300  -0.46500  -0.47875           0.00037
   0.21300  -0.46500  -0.35375           0.00035
   0.21300  -0.46500  -0.22875           0.00025
   0.21300  -0.46500  -0.10375           0.00029
   0.21300  -0.29833   0.02125           0.00030
   0.21300  -0.29833   0.14625           0.00024
   0.21300  -0.29833   0.27125           0.00032
   0.21300  -0.29833   0.39625           0.00037
   0.21300  -0.29833  -0.47875           0.00041
   0.21300  -0.29833  -0.35375           0.00038
   0.21300  -0.29833  -0.22875           0.00036
   0.21300  -0.29833  -0.10375           0.00032
   0.21300  -0.13167   0.02125           0.00031
   0.21300  -0.13167   0.14625           0.00024
   0.21300  -0.13167   0.27125           0.00035
   0.21300  -0.13167   0.39625           0.00040
   0.21300  -0.13167  -0.47875           0.00043
   0.21300  -0.13167  -0.35375           0.00039
   0.21300  -0.13167  -0.22875           0.00040
   0.21300  -0.13167  -0.10375           0.00035
   0.31300   0.03500   0.02125           0.00017
   0.31300   0.03500   0.14625           0.00019
   0.31300   0.03500   0.27125           0.00009
   0.31300   0.03500  -0.60375           0.00012
   0.31300   0.03500  -0.47875           0.00014
   0.31300   0.03500  -0.35375           0.00015
   0.31300   0.03500  -0.22875           0.00011
   0.31300   0.03500  -0.10375           0.00015
   0.31300   0.20167   0.02125           0.00016
   0.31300   0.20167   0.14625           0.00018
   0.31300   0.20167   0.27125           0.00009
   0.31300   0.20167  -0.60375           0.00012
   0.31300   0.20167  -0.47875           0.00013
   0.31300   0.20167  -0.35375           0.00015
   0.31300   0.20167  -0.22875           0.00011
   0.31300   0.20167  -0.10375           0.00014
   0.31300   0.36833   0.02125           0.00015
   0.31300   0.36833   0.14625           0.00017
   0.31300   0.36833   0.27125           0.00009
   0.31300   0.36833  -0.60375           0.00012
   0.31300   0.36833  -0.47875           0.00013
   0.31300   0.36833  -0.35375           0.00015
   0.31300   0.36833  -0.22875           0.00011
   0.31300   0.36833  -0.10375           0.00014
   0.31300  -0.46500   0.02125           0.00014
   0.31300  -0.46500   0.14625           0.00016
   0.31300  -0.46500   0.27125           0.00007
   0.31300  -0.46500  -0.60375           0.00010
   0.31300  -0.46500  -0.47875           0.00011
   0.31300  -0.46500  -0.35375           0.00013
   0.31300  -0.46500  -0.22875           0.00009
   0.31300  -0.46500  -0.10375           0.00012
   0.31300  -0.29833   0.02125           0.00015
   0.31300  -0.29833   0.14625           0.00017
   0.31300  -0.29833   0.27125           0.00008
   0.31300  -0.29833  -0.60375           0.00011
   0.31300  -0.29833  -0.47875           0.00012
   0.31300  -0.29833  -0.35375           0.00014
   0.31300  -0.29833  -0.22875           0.00010
   0.31300  -0.29833  -0.10375           0.00013
   0.31300  -0.13167   0.02125           0.00016
   0.31300  -0.13167   0.14625           0.00018
   0.31300  -0.13167   0.27125           0.00009
   0.31300  -0.13167  -0.60375           0.00011
   0.31300  -0.13167  -0.47875           0.00013
   0.31300  -0.13167  -0.35375           0.00015
   0.31300  -0.13167  -0.22875           0.00011
   0.31300  -0.13167  -0.10375           0.00014
   0.41300   0.03500   0.02125           0.00282
   0.41300   0.03500   0.14625           0.00297
   0.41300   0.03500   0.27125           0.00238
   0.41300   0.03500  -0.60375           0.00196
   0.41300   0.03500  -0.47875           0.00261
   0.41300   0.03500  -0.35375           0.00295
   0.41300   0.03500  -0.22875           0.00270
   0.41300   0.03500  -0.10375           0.00236
   0.41300   0.20167   0.02125           0.00280
   0.41300   0.20167   0.14625           0.00285
   0.41300   0.20167   0.27125           0.00222
   0.41300   0.20167  -0.60375           0.00195
   0.41300   0.20167  -0.47875           0.00260
   0.41300   0.20167  -0.35375           0.00284
   0.41300   0.20167  -0.22875           0.00253
   0.41300   0.20167  -0.10375           0.00232
   0.41300   0.36833   0.02125           0.00251
   0.41300   0.36833   0.14625           0.00262
   0.41300   0.36833   0.27125           0.00206
   0.41300   0.36833  -0.60375           0.00185
   0.41300   0.36833  -0.47875           0.00237
   0.41300   0.36833  -0.35375           0.00262
   0.41300   0.36833  -0.22875           0.00236
   0.41300   0.36833  -0.10375           0.00220
   0.41300  -0.46500   0.02125           0.00231
   0.41300  -0.46500   0.14625           0.00262
   0.41300  -0.46500   0.27125           0.00221
   0.41300  -0.46500  -0.60375           0.00161
   0.41300  -0.46500  -0.47875           0.00213
   0.41300  -0.46500  -0.35375           0.00257
   0.41300  -0.46500  -0.22875           0.00247
   0.41300  -0.46500  -0.10375           0.00198
   0.41300  -0.29833   0.02125           0.00251
   0.41300  -0.29833   0.14625           0.00283
   0.41300  -0.29833   0.27125           0.00234
   0.41300  -0.29833  -0.60375           0.00179
   0.41300  -0.29833  -0.47875           0.00232
   0.41300  -0.29833  -0.35375           0.00279
   0.41300  -0.29833  -0.22875           0.00264
   0.41300  -0.29833  -0.10375           0.00216
   0.41300  -0.13167   0.02125           0.00271
   0.41300  -0.13167   0.14625           0.00297
   0.41300  -0.13167   0.27125           0.00242
   0.41300  -0.13167  -0.60375           0.00192
   0.41300  -0.13167  -0.47875           0.00251
   0.41300  -0.13167  -0.35375           0.00294
   0.41300  -0.13167  -0.22875           0.00274
   0.41300  -0.13167  -0.10375           0.00230
  -0.48700   0.03500   0.02125           0.00412
  -0.48700   0.03500   0.14625           0.00306
  -0.48700   0.03500   0.27125           0.00275
  -0.48700   0.03500   0.39625           0.00379
  -0.48700   0.03500   0.52125           0.00403
   0.51300   0.03500  -0.35375           0.00349
   0.51300   0.03500  -0.22875           0.00346
  -0.48700   0.03500  -0.10375           0.00422
  -0.48700   0.20167   0.02125           0.00395
  -0.48700   0.20167   0.14625           0.00287
  -0.48700   0.20167   0.27125           0.00278
  -0.48700   0.20167   0.39625           0.00370
  -0.48700   0.20167   0.52125           0.00388
   0.51300   0.20167  -0.35375           0.00329
   0.51300   0.20167  -0.22875           0.00349
  -0.48700   0.20167  -0.10375           0.00410
  -0.48700   0.36833   0.02125           0.00364
  -0.48700   0.36833   0.14625           0.00261
  -0.48700   0.36833   0.27125           0.00263
  -0.48700   0.36833   0.39625           0.00347
  -0.48700   0.36833   0.52125           0.00358
   0.51300   0.36833  -0.35375           0.00301
   0.51300   0.36833  -0.22875           0.00321
  -0.48700   0.36833  -0.10375           0.00380
  -0.48700  -0.46500   0.02125           0.00359
  -0.48700  -0.46500   0.14625           0.00279
  -0.48700  -0.46500   0.27125           0.00223
  -0.48700  -0.46500   0.39625           0.00317
  -0.48700  -0.46500   0.52125           0.00351
   0.51300  -0.46500  -0.35375           0.00316
   0.51300  -0.46500  -0.22875           0.00285
  -0.48700  -0.46500  -0.10375           0.00355
  -0.48700  -0.29833   0.02125           0.00390
  -0.48700  -0.29833   0.14625           0.00299
  -0.48700  -0.29833   0.27125           0.00242
  -0.48700  -0.29833   0.39625           0.00348
  -0.48700  -0.29833   0.52125           0.00381
   0.51300  -0.29833  -0.35375           0.00340
   0.51300  -0.29833  -0.22875           0.00304
  -0.48700  -0.29833  -0.10375           0.00389
  -0.48700  -0.13167   0.02125           0.00409
  -0.48700  -0.13167   0.14625           0.00315
  -0.48700  -0.13167   0.27125           0.00262
  -0.48700  -0.13167   0.39625           0.00370
  -0.48700  -0.13167   0.52125           0.00400
   0.51300  -0.13167  -0.35375           0.00358
   0.51300  -0.13167  -0.22875           0.00329
  -0.48700  -0.13167  -0.10375           0.00413
  -0.38700   0.03500   0.02125           0.00234
  -0.38700   0.03500   0.14625           0.00147
  -0.38700   0.03500   0.27125           0.00294
  -0.38700   0.03500   0.39625           0.00292
  -0.38700   0.03500   0.52125           0.00251
  -0.38700   0.03500   0.64625           0.00166
  -0.38700   0.03500  -0.22875           0.00335
  -0.38700   0.03500  -0.10375           0.00308
  -0.38700   0.20167   0.02125           0.00221
  -0.38700   0.20167   0.14625           0.00143
  -0.38700   0.20167   0.27125           0.00288
  -0.38700   0.20167   0.39625           0.00280
  -0.38700   0.20167   0.52125           0.00239
  -0.38700   0.20167   0.64625           0.00159
  -0.38700   0.20167  -0.22875           0.00326
  -0.38700   0.20167  -0.10375           0.00296
  -0.38700   0.36833   0.02125           0.00203
  -0.38700   0.36833   0.14625           0.00127
  -0.38700   0.36833   0.27125           0.00269
  -0.38700   0.36833   0.39625           0.00254
  -0.38700   0.36833   0.52125           0.00219
  -0.38700   0.36833   0.64625           0.00140
  -0.38700   0.36833  -0.22875           0.00303
  -0.38700   0.36833  -0.10375           0.00267
  -0.38700  -0.46500   0.02125           0.00213
  -0.38700  -0.46500   0.14625           0.00125
  -0.38700  -0.46500   0.27125           0.00249
  -0.38700  -0.46500   0.39625           0.00249
  -0.38700  -0.46500   0.52125           0.00229
  -0.38700  -0.46500   0.64625           0.00139
  -0.38700  -0.46500  -0.22875           0.00283
  -0.38700  -0.46500  -0.10375           0.00259
  -0.38700  -0.29833   0.02125           0.00230
  -0.38700  -0.29833   0.14625           0.00138
  -0.38700  -0.29833   0.27125           0.00272
  -0.38700  -0.29833   0.39625           0.00276
  -0.38700  -0.29833   0.52125           0.00244
  -0.38700  -0.29833   0.64625           0.00155
  -0.38700  -0.29833  -0.22875           0.00310
  -0.38700  -0.29833  -0.10375           0.00289
  -0.38700  -0.13167   0.02125           0.00236
  -0.38700  -0.13167   0.14625           0.00144
  -0.38700  -0.13167   0.27125           0.00289
  -0.38700  -0.13167   0.39625           0.00297
  -0.38700  -0.13167   0.52125           0.00252
  -0.38700  -0.13167   0.64625           0.00161
  -0.38700  -0.13167  -0.22875           0.00329
  -0.38700  -0.13167  -0.10375           0.00314
  -0.28700   0.03500   0.02125           0.00042
  -0.28700   0.03500   0.14625           0.00033
  -0.28700   0.03500   0.27125           0.00045
  -0.28700   0.03500   0.39625           0.00050
  -0.28700   0.03500   0.52125           0.00050
  -0.28700   0.03500  -0.35375           0.00045
  -0.28700   0.03500  -0.22875           0.00050
  -0.28700   0.03500  -0.10375           0.00046
  -0.28700   0.20167   0.02125           0.00040
  -0.28700   0.20167   0.14625           0.00031
  -0.28700   0.20167   0.27125           0.00043
  -0.28700   0.20167   0.39625           0.00047
  -0.28700   0.20167   0.52125           0.00048
  -0.28700   0.20167  -0.35375           0.00042
  -0.28700   0.20167  -0.22875           0.00046
  -0.28700   0.20167  -0.10375           0.00044
  -0.28700   0.36833   0.02125           0.00036
  -0.28700   0.36833   0.14625           0.00028
  -0.28700   0.36833   0.27125           0.00040
  -0.28700   0.36833   0.39625           0.00043
  -0.28700   0.36833   0.52125           0.00043
  -0.28700   0.36833  -0.35375           0.00038
  -0.28700   0.36833  -0.22875           0.00044
  -0.28700   0.36833  -0.10375           0.00041
  -0.28700  -0.46500   0.02125           0.00038
  -0.28700  -0.46500   0.14625           0.00032
  -0.28700  -0.46500   0.27125           0.00021
  -0.28700  -0.46500   0.39625           0.00042
  -0.28700  -0.46500   0.52125           0.00045
  -0.28700  -0.46500  -0.35375           0.00042
  -0.28700  -0.46500  -0.22875           0.00030
  -0.28700  -0.46500  -0.10375           0.00040
  -0.28700  -0.29833   0.02125           0.00041
  -0.28700  -0.29833   0.14625           0.00033
  -0.28700  -0.29833   0.27125           0.00042
  -0.28700  -0.29833   0.39625           0.00046
  -0.28700  -0.29833   0.52125           0.00049
  -0.28700  -0.29833  -0.35375           0.00044
  -0.28700  -0.29833  -0.22875           0.00047
  -0.28700  -0.29833  -0.10375           0.00043
  -0.28700  -0.13167   0.02125           0.00042
  -0.28700  -0.13167   0.14625           0.00033
  -0.28700  -0.13167   0.27125           0.00046
  -0.28700  -0.13167   0.39625           0.00049
  -0.28700  -0.13167   0.52125           0.00051
  -0.28700  -0.13167  -0.35375           0.00045
  -0.28700  -0.13167  -0.22875           0.00051
  -0.28700  -0.13167  -0.10375           0.00045
  -0.18700   0.03500   0.02125           0.00012
  -0.18700   0.03500   0.14625           0.00014
  -0.18700   0.03500   0.27125           0.00006
  -0.18700   0.03500   0.39625           0.00008
  -0.18700   0.03500   0.52125           0.00009
  -0.18700   0.03500  -0.35375           0.00010
  -0.18700   0.03500  -0.22875           0.00006
  -0.18700   0.03500  -0.10375           0.00009
  -0.18700   0.20167   0.02125           0.00011
  -0.18700   0.20167   0.14625           0.00014
  -0.18700   0.20167   0.27125           0.00006
  -0.18700   0.20167   0.39625           0.00008
  -0.18700   0.20167   0.52125           0.00009
  -0.18700   0.20167  -0.35375           0.00010
  -0.18700   0.20167  -0.22875           0.00006
  -0.18700   0.20167  -0.10375           0.00009
  -0.18700   0.36833   0.02125           0.00010
  -0.18700   0.36833   0.14625           0.00012
  -0.18700   0.36833   0.27125           0.00006
  -0.18700   0.36833   0.39625           0.00008
  -0.18700   0.36833   0.52125           0.00008
  -0.18700   0.36833  -0.35375           0.00010
  -0.18700   0.36833  -0.22875           0.00006
  -0.18700   0.36833  -0.10375           0.00009
  -0.18700  -0.46500   0.02125           0.00009
  -0.18700  -0.46500   0.14625           0.00011
  -0.18700  -0.46500   0.27125           0.00005
  -0.18700  -0.46500   0.39625           0.00006
  -0.18700  -0.46500   0.52125           0.00007
  -0.18700  -0.46500  -0.35375           0.00008
  -0.18700  -0.46500  -0.22875           0.00005
  -0.18700  -0.46500  -0.10375           0.00007
  -0.18700  -0.29833   0.02125           0.00010
  -0.18700  -0.29833   0.14625           0.00013
  -0.18700  -0.29833   0.27125           0.00005
  -0.18700  -0.29833   0.39625           0.00007
  -0.18700  -0.29833   0.52125           0.00008
  -0.18700  -0.29833  -0.35375           0.00009
  -0.18700  -0.29833  -0.22875           0.00005
  -0.18700  -0.29833  -0.10375           0.00008
  -0.18700  -0.13167   0.02125           0.00011
  -0.18700  -0.13167   0.14625           0.00014
  -0.18700  -0.13167   0.27125           0.00006
  -0.18700  -0.13167   0.39625           0.00008
  -0.18700  -0.13167   0.52125           0.00009
  -0.18700  -0.13167  -0.35375           0.00010
  -0.18700  -0.13167  -0.22875           0.00006
  -0.18700  -0.13167  -0.10375           0.00009
  -0.08700   0.03500   0.02125           0.00404
  -0.08700   0.03500   0.14625           0.00438
  -0.08700   0.03500   0.27125           0.00333
  -0.08700   0.03500   0.39625           0.00239
  -0.08700   0.03500   0.52125           0.00337
  -0.08700   0.03500  -0.35375           0.00392
  -0.08700   0.03500  -0.22875           0.00361
  -0.08700   0.03500  -0.10375           0.00314
  -0.08700   0.20167   0.02125           0.00401
  -0.08700   0.20167   0.14625           0.00415
  -0.08700   0.20167   0.27125           0.00304
  -0.08700   0.20167   0.39625           0.00238
  -0.08700   0.20167   0.52125           0.00336
  -0.08700   0.20167  -0.35375           0.00375
  -0.08700   0.20167  -0.22875           0.00333
  -0.08700   0.20167  -0.10375           0.00308
  -0.08700   0.36833   0.02125           0.00350
  -0.08700   0.36833   0.14625           0.00374
  -0.08700   0.36833   0.27125           0.00281
  -0.08700   0.36833   0.39625           0.00226
  -0.08700   0.36833   0.52125           0.00302
  -0.08700   0.36833  -0.35375           0.00343
  -0.08700   0.36833  -0.22875           0.00310
  -0.08700   0.36833  -0.10375           0.00292
  -0.08700  -0.46500   0.02125           0.00314
  -0.08700  -0.46500   0.14625           0.00370
  -0.08700  -0.46500   0.27125           0.00304
  -0.08700  -0.46500   0.39625           0.00190
  -0.08700  -0.46500   0.52125           0.00266
  -0.08700  -0.46500  -0.35375           0.00333
  -0.08700  -0.46500  -0.22875           0.00326
  -0.08700  -0.46500  -0.10375           0.00254
  -0.08700  -0.29833   0.02125           0.00347
  -0.08700  -0.29833   0.14625           0.00410
  -0.08700  -0.29833   0.27125           0.00327
  -0.08700  -0.29833   0.39625           0.00214
  -0.08700  -0.29833   0.52125           0.00293
  -0.08700  -0.29833  -0.35375           0.00367
  -0.08700  -0.29833  -0.22875           0.00353
  -0.08700  -0.29833  -0.10375           0.00279
  -0.08700  -0.13167   0.02125           0.00384
  -0.08700  -0.13167   0.14625           0.00439
  -0.08700  -0.13167   0.27125           0.00340
  -0.08700  -0.13167   0.39625           0.00232
  -0.08700  -0.13167   0.52125           0.00321
  -0.08700  -0.13167  -0.35375           0.00393
  -0.08700  -0.13167  -0.22875           0.00367
  -0.08700  -0.13167  -0.10375           0.00302
