#       kx        ky        kz      sum |A(k)|^2
   0.01625   0.05250   0.02833           0.00008
   0.01625   0.05250   0.19500           0.00014
   0.01625   0.05250   0.36167           0.00003
   0.01625   0.05250  -0.47167           0.00004
   0.01625   0.05250  -0.30500           0.00007
   0.01625   0.05250  -0.13833           0.00004
   0.01625   0.30250   0.02833           0.00005
   0.01625   0.30250   0.19500           0.00010
   0.01625   0.30250   0.36167           0.00003
   0.01625   0.30250  -0.47167           0.00003
   0.01625   0.30250  -0.30500           0.00005
   0.01625   0.30250  -0.13833           0.00003
   0.01625  -0.44750   0.02833           0.00007
   0.01625  -0.44750   0.19500           0.00011
   0.01625  -0.44750   0.36167           0.00003
   0.01625  -0.44750  -0.47167           0.00004
   0.01625  -0.44750  -0.30500           0.00007
   0.01625  -0.44750  -0.13833           0.00004
   0.01625  -0.19750   0.02833           0.00008
   0.01625  -0.19750   0.19500           0.00013
   0.01625  -0.19750   0.36167           0.00003
   0.01625  -0.19750  -0.47167           0.00004
   0.01625  -0.19750  -0.30500           0.00008
   0.01625  -0.19750  -0.13833           0.00005
   0.14125   0.05250   0.02833           0.00919
   0.14125   0.05250   0.19500           0.00937
   0.14125   0.05250   0.36167           0.00625
   0.14125   0.05250  -0.47167           0.00972
   0.14125   0.05250  -0.30500           0.01255
   0.14125   0.05250  -0.13833           0.00892
   0.14125   0.30250   0.02833           0.00798
   0.14125   0.30250   0.19500           0.00887
   0.14125   0.30250   0.36167           0.00503
   0.14125   0.30250  -0.47167           0.00851
   0.14125   0.30250  -0.30500           0.01151
   0.14125   0.30250  -0.13833           0.00718
   0.14125  -0.44750   0.02833           0.00797
   0.14125  -0.44750   0.19500           0.00785
   0.14125  -0.44750   0.36167           0.00258
   0.14125  -0.44750  -0.47167           0.00814
   0.14125  -0.44750  -0.30500           0.01004
   0.14125  -0.44750  -0.13833           0.00312
   0.14125  -0.19750   0.02833           0.00898
   0.14125  -0.19750   0.19500           0.00892
   0.14125  -0.19750   0.36167           0.00660
   0.14125  -0.19750  -0.47167           0.00920
   0.14125  -0.19750  -0.30500           0.01178
   0.14125  -0.19750  -0.13833           0.00959
   0.26625   0.05250   0.02833           0.01202
   0.26625   0.05250   0.19500           0.00808
   0.26625   0.05250   0.36167           0.01164
   0.26625   0.05250  -0.47167           0.01395
   0.26625   0.05250  -0.30500           0.01065
   0.26625   0.05250  -0.13833           0.01201
   0.26625   0.30250   0.02833           0.01133
   0.26625   0.30250   0.19500           0.00818
   0.26625   0.30250   0.36167           0.01006
   0.26625   0.30250  -0.47167           0.01281
   0.26625   0.30250  -0.30500           0.01010
   0.26625   0.30250  -0.13833           0.01054
   0.26625  -0.44750   0.02833           0.01003
   0.26625  -0.44750   0.19500           0.00615
   0.26625  -0.44750   0.36167           0.01050
   0.26625  -0.44750  -0.47167           0.01165
   0.26625  -0.44750  -0.30500           0.00831
   0.26625  -0.44750  -0.13833           0.01081
   0.26625  -0.19750   0.02833           0.01148
   0.26625  -0.19750   0.19500           0.00740
   0.26625  -0.19750   0.36167           0.01142
   0.26625  -0.19750  -0.47167           0.01337
   0.26625  -0.19750  -0.30500           0.01008
   0.26625  -0.19750  -0.13833           0.01185
   0.39125   0.05250   0.02833           0.00228
   0.39125   0.05250   0.19500           0.00212
   0.39125   0.05250  -0.63833           0.00236
   0.39125   0.05250  -0.47167           0.00241
   0.39125   0.05250  -0.30500           0.00239
   0.39125   0.05250  -0.13833           0.00239
   0.39125   0.30250   0.02833           0.00217
   0.39125   0.30250   0.19500           0.00212
   0.39125   0.30250  -0.63833           0.00205
   0.39125   0.30250  -0.47167           0.00222
   0.39125   0.30250  -0.30500           0.00230
   0.39125   0.30250  -0.13833           0.00216
   0.39125  -0.44750   0.02833           0.00183
   0.39125  -0.44750   0.19500           0.00176
   0.39125  -0.44750  -0.63833           0.00391
   0.39125  -0.44750  -0.47167           0.00203
   0.39125  -0.44750  -0.30500           0.00195
   0.39125  -0.44750  -0.13833           0.00401
   0.39125  -0.19750   0.02833           0.00209
   0.39125  -0.19750   0.19500           0.00200
   0.39125  -0.19750  -0.63833           0.00253
   0.39125  -0.19750  -0.47167           0.00229
   0.39125  -0.19750  -0.30500           0.00226
   0.39125  -0.19750  -0.13833           0.00247
  -0.48375   0.05250   0.02833           0.00009
  -0.48375   0.05250   0.19500           0.00016
  -0.48375   0.05250   0.36167           0.00004
  -0.48375   0.05250   0.52833           0.00006
   0.51625   0.05250  -0.30500           0.00010
  -0.48375   0.05250  -0.13833           0.00006
  -0.48375   0.30250   0.02833           0.00007
  -0.48375   0.30250   0.19500           0.00012
  -0.48375   0.30250   0.36167           0.00004
  -0.48375   0.30250   0.52833           0.00005
   0.51625   0.30250  -0.30500           0.00008
  -0.48375   0.30250  -0.13833           0.00005
  -0.48375  -0.44750   0.02833           0.00010
  -0.48375  -0.44750   0.19500           0.00013
  -0.48375  -0.44750   0.36167           0.00004
  -0.48375  -0.44750   0.52833           0.00006
   0.51625  -0.44750  -0.30500           0.00009
  -0.48375  -0.44750  -0.13833           0.00006
  -0.48375  -0.19750   0.02833           0.00010
  -0.48375  -0.19750   0.19500           0.00016
  -0.48375  -0.19750   0.36167           0.00004
  -0.48375  -0.19750   0.52833           0.00006
   0.51625  -0.19750  -0.30500           0.00010
  -0.48375  -0.19750  -0.13833           0.00006
  -0.35875   0.05250   0.02833           0.00678
  -0.35875   0.05250   0.19500           0.00709
  -0.35875   0.05250   0.36167           0.00441
  -0.35875   0.05250   0.52833           0.00687
  -0.35875   0.05250  -0.30500           0.00869
  -0.35875   0.05250  -0.13833           0.00609
  -0.35875   0.30250   0.02833           0.00595
  -0.35875   0.30250   0.19500           0.00663
  -0.35875   0.30250   0.36167           0.00361
  -0.35875   0.30250   0.52833           0.00607
  -0.35875   0.30250  -0.30500           0.00793
  -0.35875   0.30250  -0.13833           0.00502
  -0.35875  -0.44750   0.02833           0.00599
  -0.35875  -0.44750   0.19500           0.00603
  -0.35875  -0.44750   0.36167           0.00220
  -0.35875  -0.44750   0.52833           0.00588
  -0.35875  -0.44750  -0.30500           0.00716
  -0.35875  -0.44750  -0.13833           0.00254
  -0.35875  -0.19750   0.02833           0.00663
  -0.35875  -0.19750   0.19500           0.00690
  -0.35875  -0.19750   0.36167           0.00473
  -0.35875  -0.19750   0.52833           0.00654
  -0.35875  -0.19750  -0.30500           0.00837
  -0.35875  -0.19750  -0.13833           0.00656
  -0.23375   0.05250   0.02833           0.01235
  -0.23375   0.05250   0.19500           0.00851
  -0.23375   0.05250   0.36167           0.01170
  -0.23375   0.05250   0.52833           0.01423
  -0.23375   0.05250  -0.30500           0.01095
  -0.23375   0.05250  -0.13833           0.01212
  -0.23375   0.30250   0.02833           0.01163
  -0.23375   0.30250   0.19500           0.00862
  -0.23375   0.30250   0.36167           0.01011
  -0.23375   0.30250   0.52833           0.01306
  -0.23375   0.30250  -0.30500           0.01033
  -0.23375   0.30250  -0.13833           0.01065
  -0.23375  -0.44750   0.02833           0.01040
  -0.23375  -0.44750   0.19500           0.00651
  -0.23375  -0.44750   0.36167           0.01071
  -0.23375  -0.44750   0.52833           0.01204
  -0.23375  -0.44750  -0.30500           0.00870
  -0.23375  -0.44750  -0.13833           0.01104
  -0.23375  -0.19750   0.02833           0.01186
  -0.23375  -0.19750   0.19500           0.00782
  -0.23375  -0.19750   0.36167           0.01157
  -0.23375  -0.19750   0.52833           0.01374
  -0.23375  -0.19750  -0.30500           0.01045
  -0.23375  -0.19750  -0.13833           0.01202
  -0.10875   0.05250   0.02833           0.00332
  -0.10875   0.05250   0.19500           0.00328
  -0.10875   0.05250   0.36167           0.00322
  -0.10875   0.05250   0.52833           0.00346
  -0.10875   0.05250  -0.30500           0.00349
  -0.10875   0.05250  -0.13833           0.00318
  -0.10875   0.30250   0.02833           0.00314
  -0.10875   0.30250   0.19500           0.00323
  -0.10875   0.30250   0.36167           0.00282
  -0.10875   0.30250   0.52833           0.00320
  -0.10875   0.30250  -0.30500           0.00334
  -0.10875   0.30250  -0.13833           0.00288
  -0.10875  -0.44750   0.02833           0.00263
  -0.10875  -0.44750   0.19500           0.00275
  -0.10875  -0.44750   0.36167           0.00561
  -0.10875  -0.44750   0.52833           0.00288
  -0.10875  -0.44750  -0.30500           0.00284
  -0.10875  -0.44750  -0.13833           0.00558
  -0.10875  -0.19750   0.02833           0.00302
  -0.10875  -0.19750   0.19500           0.00317
  -0.10875  -0.19750   0.36167           0.00350
  -0.10875  -0.19750   0.52833           0.00325
  -0.10875  -0.19750  -0.30500           0.00335
  -0.10875  -0.19750  -0.13833           0.00333
