#       kx        ky        kz      sum |A(k)|^2
   0.01625   0.03500   0.02833           0.01182
   0.01625   0.03500   0.19500           0.00688
   0.01625   0.03500   0.36167           0.00839
   0.01625   0.03500  -0.47167           0.01000
   0.01625   0.03500  -0.30500           0.00830
   0.01625   0.03500  -0.13833           0.01161
   0.01625   0.20167   0.02833           0.01115
   0.01625   0.20167   0.19500           0.00615
   0.01625   0.20167   0.36167           0.00832
   0.01625   0.20167  -0.47167           0.00951
   0.01625   0.20167  -0.30500           0.00758
   0.01625   0.20167  -0.13833           0.01127
   0.01625   0.36833   0.02833           0.01005
   0.01625   0.36833   0.19500           0.00547
   0.01625   0.36833   0.36167           0.00789
   0.01625   0.36833  -0.47167           0.00868
   0.01625   0.36833  -0.30500           0.00673
   0.01625   0.36833  -0.13833           0.01034
   0.01625  -0.46500   0.02833           0.01024
   0.01625  -0.46500   0.19500           0.00696
   0.01625  -0.46500   0.36167           0.00635
   0.01625  -0.46500  -0.47167           0.00873
   0.01625  -0.46500  -0.30500           0.00803
   0.01625  -0.46500  -0.13833           0.00893
   0.01625  -0.29833   0.02833           0.01131
   0.01625  -0.29833   0.19500           0.00739
   0.01625  -0.29833   0.36167           0.00720
   0.01625  -0.29833  -0.47167           0.00956
   0.01625  -0.29833  -0.30500           0.00852
   0.01625  -0.29833  -0.13833           0.01008
   0.01625  -0.13167   0.02833           0.01188
   0.01625  -0.13167   0.19500           0.00740
   0.01625  -0.13167   0.36167           0.00794
   0.01625  -0.13167  -0.47167           0.01002
   0.01625  -0.13167  -0.30500           0.00864
   0.01625  -0.13167  -0.13833           0.01107
   0.14125   0.03500   0.02833           0.00171
   0.14125   0.03500   0.19500           0.00145
   0.14125   0.03500   0.36167           0.00170
   0.14125   0.03500  -0.47167           0.00194
   0.14125   0.03500  -0.30500           0.00221
   0.14125   0.03500  -0.13833           0.00208
   0.14125   0.20167   0.02833           0.00166
   0.14125   0.20167   0.19500           0.00134
   0.14125   0.20167   0.36167           0.00167
   0.14125   0.20167  -0.47167           0.00190
   0.14125   0.20167  -0.30500           0.00203
   0.14125   0.20167  -0.13833           0.00204
   0.14125   0.36833   0.02833           0.00150
   0.14125   0.36833   0.19500           0.00125
   0.14125   0.36833   0.36167           0.00158
   0.14125   0.36833  -0.47167           0.00167
   0.14125   0.36833  -0.30500           0.00183
   0.14125   0.36833  -0.13833           0.00191
   0.14125  -0.46500   0.02833           0.00148
   0.14125  -0.46500   0.19500           0.00154
   0.14125  -0.46500   0.36167           0.00329
   0.14125  -0.46500  -0.47167           0.00166
   0.14125  -0.46500  -0.30500           0.00213
   0.14125  -0.46500  -0.13833           0.00373
   0.14125  -0.29833   0.02833           0.00162
   0.14125  -0.29833   0.19500           0.00162
   0.14125  -0.29833   0.36167           0.00371
   0.14125  -0.29833  -0.47167           0.00179
   0.14125  -0.29833  -0.30500           0.00231
   0.14125  -0.29833  -0.13833           0.00432
   0.14125  -0.13167   0.02833           0.00171
   0.14125  -0.13167   0.19500           0.00156
   0.14125  -0.13167   0.36167           0.00177
   0.14125  -0.13167  -0.47167           0.00192
   0.14125  -0.13167  -0.30500           0.00231
   0.14125  -0.13167  -0.13833           0.00219
   0.26625   0.03500   0.02833           0.00010
   0.26625   0.03500   0.19500           0.00016
   0.26625   0.03500   0.36167           0.00004
   0.26625   0.03500  -0.47167           0.00006
   0.26625   0.03500  -0.30500           0.00009
   0.26625   0.03500  -0.13833           0.00005
   0.26625   0.20167   0.02833           0.00010
   0.26625   0.20167   0.19500           0.00016
   0.26625   0.20167   0.36167           0.00004
   0.26625   0.20167  -0.47167           0.00006
   0.26625   0.20167  -0.30500           0.00009
   0.26625   0.20167  -0.13833           0.00006
   0.26625   0.36833   0.02833           0.00010
   0.26625   0.36833   0.19500           0.00014
   0.26625   0.36833   0.36167           0.00004
   0.26625   0.36833  -0.47167           0.00006
   0.26625   0.36833  -0.30500           0.00009
   0.26625   0.36833  -0.13833           0.00005
   0.26625  -0.46500   0.02833           0.00006
   0.26625  -0.46500   0.19500           0.00010
   0.26625  -0.46500   0.36167           0.00003
   0.26625  -0.46500  -0.47167           0.00004
   0.26625  -0.46500  -0.30500           0.00006
   0.26625  -0.46500  -0.13833           0.00003
   0.26625  -0.29833   0.02833           0.00007
   0.26625  -0.29833   0.19500           0.00011
   0.26625  -0.29833   0.36167           0.00003
   0.26625  -0.29833  -0.47167           0.00004
   0.26625  -0.29833  -0.30500           0.00007
   0.26625  -0.29833  -0.13833           0.00004
   0.26625  -0.13167   0.02833           0.00008
   0.26625  -0.13167   0.19500           0.00014
   0.26625  -0.13167   0.36167           0.00003
   0.26625  -0.13167  -0.47167           0.00005
   0.26625  -0.13167  -0.30500           0.00008
   0.26625  -0.13167  -0.13833           0.00004
   0.39125   0.03500   0.02833           0.00479
   0.39125   0.03500   0.19500           0.00502
   0.39125   0.03500  -0.63833           0.00334
   0.39125   0.03500  -0.47167           0.00441
   0.39125   0.03500  -0.30500           0.00518
   0.39125   0.03500  -0.13833           0.00416
   0.39125   0.20167   0.02833           0.00487
   0.39125   0.20167   0.19500           0.00476
   0.39125   0.20167  -0.63833           0.00343
   0.39125   0.20167  -0.47167           0.00451
   0.39125   0.20167  -0.30500           0.00495
   0.39125   0.20167  -0.13833           0.00418
   0.39125   0.36833   0.02833           0.00433
   0.39125   0.36833   0.19500           0.00435
   0.39125   0.36833  -0.63833           0.00326
   0.39125   0.36833  -0.47167           0.00412
   0.39125   0.36833  -0.30500           0.00451
   0.39125   0.36833  -0.13833           0.00386
   0.39125  -0.46500   0.02833           0.00371
   0.39125  -0.46500   0.19500           0.00463
   0.39125  -0.46500  -0.63833           0.00142
   0.39125  -0.46500  -0.47167           0.00333
   0.39125  -0.46500  -0.30500           0.00446
   0.39125  -0.46500  -0.13833           0.00146
   0.39125  -0.29833   0.02833           0.00400
   0.39125  -0.29833   0.19500           0.00495
   0.39125  -0.29833  -0.63833           0.00163
   0.39125  -0.29833  -0.47167           0.00366
   0.39125  -0.29833  -0.30500           0.00484
   0.39125  -0.29833  -0.13833           0.00164
   0.39125  -0.13167   0.02833           0.00450
   0.39125  -0.13167   0.19500           0.00508
   0.39125  -0.13167  -0.63833           0.00315
   0.39125  -0.13167  -0.47167           0.00412
   0.39125  -0.13167  -0.30500           0.00513
   0.39125  -0.13167  -0.13833           0.00394
  -0.48375   0.03500   0.02833           0.00697
  -0.48375   0.03500   0.19500           0.00455
  -0.48375   0.03500   0.36167           0.00591
  -0.48375   0.03500   0.52833           0.00677
   0.51625   0.03500  -0.30500           0.00551
  -0.48375   0.03500  -0.13833           0.00697
  -0.48375   0.20167   0.02833           0.00665
  -0.48375   0.20167   0.19500           0.00414
  -0.48375   0.20167   0.36167           0.00587
  -0.48375   0.20167   0.52833           0.00646
   0.51625   0.20167  -0.30500           0.00507
  -0.48375   0.20167  -0.13833           0.00681
  -0.48375   0.36833   0.02833           0.00610
  -0.48375   0.36833   0.19500           0.00375
  -0.48375   0.36833   0.36167           0.00559
  -0.48375   0.36833   0.52833           0.00594
   0.51625   0.36833  -0.30500           0.00456
  -0.48375   0.36833  -0.13833           0.00635
  -0.48375  -0.46500   0.02833           0.00624
  -0.48375  -0.46500   0.19500           0.00464
  -0.48375  -0.46500   0.36167           0.00462
  -0.48375  -0.46500   0.52833           0.00601
   0.51625  -0.46500  -0.30500           0.00541
  -0.48375  -0.46500  -0.13833           0.00562
  -0.48375  -0.29833   0.02833           0.00675
  -0.48375  -0.29833   0.19500           0.00485
  -0.48375  -0.29833   0.36167           0.00517
  -0.48375  -0.29833   0.52833           0.00652
   0.51625  -0.29833  -0.30500           0.00569
  -0.48375  -0.29833  -0.13833           0.00621
  -0.48375  -0.13167   0.02833           0.00700
  -0.48375  -0.13167   0.19500           0.00483
  -0.48375  -0.13167   0.36167           0.00564
  -0.48375  -0.13167   0.52833           0.00679
   0.51625  -0.13167  -0.30500           0.00574
  -0.48375  -0.13167  -0.13833           0.00670
  -0.35875   0.03500   0.02833           0.00164
  -0.35875   0.03500   0.19500           0.00146
  -0.35875   0.03500   0.36167           0.00163
  -0.35875   0.03500   0.52833           0.00176
  -0.35875   0.03500  -0.30500           0.00187
  -0.35875   0.03500  -0.13833           0.00187
  -0.35875   0.20167   0.02833           0.00162
  -0.35875   0.20167   0.19500           0.00136
  -0.35875   0.20167   0.36167           0.00160
  -0.35875   0.20167   0.52833           0.00174
  -0.35875   0.20167  -0.30500           0.00173
  -0.35875   0.20167  -0.13833           0.00183
  -0.35875   0.36833   0.02833           0.00147
  -0.35875   0.36833   0.19500           0.00127
  -0.35875   0.36833   0.36167           0.00155
  -0.35875   0.36833   0.52833           0.00155
  -0.35875   0.36833  -0.30500           0.00158
  -0.35875   0.36833  -0.13833           0.00172
  -0.35875  -0.46500   0.02833           0.00144
  -0.35875  -0.46500   0.19500           0.00153
  -0.35875  -0.46500   0.36167           0.00279
  -0.35875  -0.46500   0.52833           0.00152
  -0.35875  -0.46500  -0.30500           0.00182
  -0.35875  -0.46500  -0.13833           0.00294
  -0.35875  -0.29833   0.02833           0.00154
  -0.35875  -0.29833   0.19500           0.00161
  -0.35875  -0.29833   0.36167           0.00305
  -0.35875  -0.29833   0.52833           0.00162
  -0.35875  -0.29833  -0.30500           0.00196
  -0.35875  -0.29833  -0.13833           0.00329
  -0.35875  -0.13167   0.02833           0.00163
  -0.35875  -0.13167   0.19500           0.00157
  -0.35875  -0.13167   0.36167           0.00167
  -0.35875  -0.13167   0.52833           0.00173
  -0.35875  -0.13167  -0.30500           0.00196
  -0.35875  -0.13167  -0.13833           0.00193
  -0.23375   0.03500   0.02833           0.00004
  -0.23375   0.03500   0.19500           0.00007
  -0.23375   0.03500   0.36167           0.00003
  -0.23375   0.03500   0.52833           0.00003
  -0.23375   0.03500  -0.30500           0.00003
  -0.23375   0.03500  -0.13833           0.00003
  -0.23375   0.20167   0.02833           0.00004
  -0.23375   0.20167   0.19500           0.00007
  -0.23375   0.20167   0.36167           0.00003
  -0.23375   0.20167   0.52833           0.00003
  -0.23375   0.20167  -0.30500           0.00003
  -0.23375   0.20167  -0.13833           0.00003
  -0.23375   0.36833   0.02833           0.00004
  -0.23375   0.36833   0.19500           0.00006
  -0.23375   0.36833   0.36167           0.00003
  -0.23375   0.36833   0.52833           0.00003
  -0.23375   0.36833  -0.30500           0.00003
  -0.23375   0.36833  -0.13833           0.00003
  -0.23375  -0.46500   0.02833           0.00003
  -0.23375  -0.46500   0.19500           0.00004
  -0.23375  -0.46500   0.36167           0.00004
  -0.23375  -0.46500   0.52833           0.00003
  -0.23375  -0.46500  -0.30500           0.00003
  -0.23375  -0.46500  -0.13833           0.00004
  -0.23375  -0.29833   0.02833           0.00003
  -0.23375  -0.29833   0.19500           0.00005
  -0.23375  -0.29833   0.36167           0.00004
  -0.23375  -0.29833   0.52833           0.00003
  -0.23375  -0.29833  -0.30500           0.00003
  -0.23375  -0.29833  -0.13833           0.00003
  -0.23375  -0.13167   0.02833           0.00003
  -0.23375  -0.13167   0.19500           0.00006
  -0.23375  -0.13167   0.36167           0.00003
  -0.23375  -0.13167   0.52833           0.00003
  -0.23375  -0.13167  -0.30500           0.00003
  -0.23375  -0.13167  -0.13833           0.00003
  -0.10875   0.03500   0.02833           0.00664
  -0.10875   0.03500   0.19500           0.00716
  -0.10875   0.03500   0.36167           0.00394
  -0.10875   0.03500   0.52833           0.00557
  -0.10875   0.03500  -0.30500           0.00669
  -0.10875   0.03500  -0.13833           0.00522
  -0.10875   0.20167   0.02833           0.00681
  -0.10875   0.20167   0.19500           0.00667
  -0.10875   0.20167   0.36167           0.00407
  -0.10875   0.20167   0.52833           0.00574
  -0.10875   0.20167  -0.30500           0.00633
  -0.10875   0.20167  -0.13833           0.00525
  -0.10875   0.36833   0.02833           0.00588
  -0.10875   0.36833   0.19500           0.00596
  -0.10875   0.36833   0.36167           0.00388
  -0.10875   0.36833   0.52833           0.00517
  -0.10875   0.36833  -0.30500           0.00569
  -0.10875   0.36833  -0.13833           0.00483
  -0.10875  -0.46500   0.02833           0.00483
  -0.10875  -0.46500   0.19500           0.00638
  -0.10875  -0.46500   0.36167           0.00174
  -0.10875  -0.46500   0.52833           0.00402
  -0.10875  -0.46500  -0.30500           0.00563
  -0.10875  -0.46500  -0.13833           0.00174
  -0.10875  -0.29833   0.02833           0.00528
  -0.10875  -0.29833   0.19500           0.00701
  -0.10875  -0.29833   0.36167           0.00203
  -0.10875  -0.29833   0.52833           0.00446
  -0.10875  -0.29833  -0.30500           0.00623
  -0.10875  -0.29833  -0.13833           0.00197
  -0.10875  -0.13167   0.02833           0.00613
  -0.10875  -0.13167   0.19500           0.00731
  -0.10875  -0.13167   0.36167           0.00368
  -0.10875  -0.13167   0.52833           0.00514
  -0.10875  -0.13167  -0.30500           0.00668
  -0.10875  -0.13167  -0.13833           0.00488
