#       kx        ky        kz      sum |A(k)|^2
   0.00542   0.05250   0.04250           0.00157
   0.00542   0.05250   0.29250           0.00145
   0.00542   0.05250  -0.45750           0.00134
   0.00542   0.05250  -0.20750           0.00153
   0.00542   0.30250   0.04250           0.00150
   0.00542   0.30250   0.29250           0.00143
   0.00542   0.30250  -0.45750           0.00121
   0.00542   0.30250  -0.20750           0.00141
   0.00542  -0.44750   0.04250           0.00142
   0.00542  -0.44750   0.29250           0.00124
   0.00542  -0.44750  -0.45750           0.00137
   0.00542  -0.44750  -0.20750           0.00146
   0.00542  -0.19750   0.04250           0.00154
   0.00542  -0.19750   0.29250           0.00138
   0.00542  -0.19750  -0.45750           0.00140
   0.00542  -0.19750  -0.20750           0.00155
   0.04708   0.05250   0.04250           0.00146
   0.04708   0.05250   0.29250           0.00134
   0.04708   0.05250  -0.45750           0.00124
   0.04708   0.05250  -0.20750           0.00142
   0.04708   0.30250   0.04250           0.00139
   0.04708   0.30250   0.29250           0.00133
   0.04708   0.30250  -0.45750           0.00113
   0.04708   0.30250  -0.20750           0.00133
   0.04708  -0.44750   0.04250           0.00134
   0.04708  -0.44750   0.29250           0.00119
   0.04708  -0.44750  -0.45750           0.00128
   0.04708  -0.44750  -0.20750           0.00138
   0.04708  -0.19750   0.04250           0.00144
   0.04708  -0.19750   0.29250           0.00130
   0.04708  -0.19750  -0.45750           0.00130
   0.04708  -0.19750  -0.20750           0.00144
   0.08875   0.05250   0.04250           0.00109
   0.08875   0.05250   0.29250           0.00100
   0.08875   0.05250  -0.45750           0.00094
   0.08875   0.05250  -0.20750           0.00107
   0.08875   0.30250   0.04250           0.00106
   0.08875   0.30250   0.29250           0.00100
   0.08875   0.30250  -0.45750           0.00087
   0.08875   0.30250  -0.20750           0.00101
   0.08875  -0.44750   0.04250           0.00102
   0.08875  -0.44750   0.29250           0.00090
   0.08875  -0.44750  -0.45750           0.00097
   0.08875  -0.44750  -0.20750           0.00105
   0.08875  -0.19750   0.04250           0.00108
   0.08875  -0.19750   0.29250           0.00097
   0.08875  -0.19750  -0.45750           0.00097
   0.08875  -0.19750  -0.20750           0.00108
   0.13042   0.05250   0.04250           0.00104
   0.13042   0.05250   0.29250           0.00096
   0.13042   0.05250  -0.45750           0.00088
   0.13042   0.05250  -0.20750           0.00101
   0.13042   0.30250   0.04250           0.00101
   0.13042   0.30250   0.29250           0.00096
   0.13042   0.30250  -0.45750           0.00083
   0.13042   0.30250  -0.20750           0.00096
   0.13042  -0.44750   0.04250           0.00100
   0.13042  -0.44750   0.29250           0.00088
   0.13042  -0.44750  -0.45750           0.00093
   0.13042  -0.44750  -0.20750           0.00101
   0.13042  -0.19750   0.04250           0.00103
   0.13042  -0.19750   0.29250           0.00093
   0.13042  -0.19750  -0.45750           0.00092
   0.13042  -0.19750  -0.20750           0.00102
   0.17208   0.05250   0.04250           0.00094
   0.17208   0.05250   0.29250           0.00088
   0.17208   0.05250  -0.45750           0.00080
   0.17208   0.05250  -0.20750           0.00090
   0.17208   0.30250   0.04250           0.00092
   0.17208   0.30250   0.29250           0.00088
   0.17208   0.30250  -0.45750           0.00075
   0.17208   0.30250  -0.20750           0.00086
   0.17208  -0.44750   0.04250           0.00090
   0.17208  -0.44750   0.29250           0.00081
   0.17208  -0.44750  -0.45750           0.00084
   0.17208  -0.44750  -0.20750           0.00091
   0.17208  -0.19750   0.04250           0.00093
   0.17208  -0.19750   0.29250           0.00085
   0.17208  -0.19750  -0.45750           0.00083
   0.17208  -0.19750  -0.20750           0.00092
   0.21375   0.05250   0.04250           0.00031
   0.21375   0.05250   0.29250           0.00029
   0.21375   0.05250  -0.45750           0.00026
   0.21375   0.05250  -0.20750           0.00030
   0.21375   0.30250   0.04250           0.00030
   0.21375   0.30250   0.29250           0.00029
   0.21375   0.30250  -0.45750           0.00025
   0.21375   0.30250  -0.20750           0.00028
   0.21375  -0.44750   0.04250           0.00029
   0.21375  -0.44750   0.29250           0.00026
   0.21375  -0.44750  -0.45750           0.00028
   0.21375  -0.44750  -0.20750           0.00029
   0.21375  -0.19750   0.04250           0.00031
   0.21375  -0.19750   0.29250           0.00028
   0.21375  -0.19750  -0.45750           0.00028
   0.21375  -0.19750  -0.20750           0.00030
   0.25542   0.05250   0.04250           0.00017
   0.25542   0.05250   0.29250           0.00017
   0.25542   0.05250  -0.45750           0.00015
   0.25542   0.05250  -0.20750           0.00016
   0.25542   0.30250   0.04250           0.00016
   0.25542   0.30250   0.29250           0.00017
   0.25542   0.30250  -0.45750           0.00014
   0.25542   0.30250  -0.20750           0.00015
   0.25542  -0.44750   0.04250           0.00016
   0.25542  -0.44750   0.29250           0.00015
   0.25542  -0.44750  -0.45750           0.00016
   0.25542  -0.44750  -0.20750           0.00017
   0.25542  -0.19750   0.04250           0.00017
   0.25542  -0.19750   0.29250           0.00016
   0.25542  -0.19750  -0.45750           0.00016
   0.25542  -0.19750  -0.20750           0.00017
   0.29708   0.05250   0.04250           0.00005
   0.29708   0.05250   0.29250           0.00005
   0.29708   0.05250  -0.45750           0.00005
   0.29708   0.05250  -0.20750           0.00005
   0.29708   0.30250   0.04250           0.00005
   0.29708   0.30250   0.29250           0.00005
   0.29708   0.30250  -0.45750           0.00005
   0.29708   0.30250  -0.20750           0.00005
   0.29708  -0.44750   0.04250           0.00005
   0.29708  -0.44750   0.29250           0.00005
   0.29708  -0.44750  -0.45750           0.00005
   0.29708  -0.44750  -0.20750           0.00005
   0.29708  -0.19750   0.04250           0.00005
   0.29708  -0.19750   0.29250           0.00005
   0.29708  -0.19750  -0.45750           0.00005
   0.29708  -0.19750  -0.20750           0.00005
   0.33875   0.05250   0.04250           0.00138
   0.33875   0.05250   0.29250           0.00111
   0.33875   0.05250  -0.45750           0.00098
   0.33875   0.05250  -0.20750           0.00131
   0.33875   0.30250   0.04250           0.00130
   0.33875   0.30250   0.29250           0.00108
   0.33875   0.30250  -0.45750           0.00087
   0.33875   0.30250  -0.20750           0.00118
   0.33875  -0.44750   0.04250           0.00121
   0.33875  -0.44750   0.29250           0.00092
   0.33875  -0.44750  -0.45750           0.00100
   0.33875  -0.44750  -0.20750           0.00118
   0.33875  -0.19750   0.04250           0.00134
   0.33875  -0.19750   0.29250           0.00104
   0.33875  -0.19750  -0.45750           0.00099
   0.33875  -0.19750  -0.20750           0.00131
   0.38042   0.05250   0.04250           0.00358
   0.38042   0.05250   0.29250           0.00288
   0.38042   0.05250  -0.45750           0.00251
   0.38042   0.05250  -0.20750           0.00339
   0.38042   0.30250   0.04250           0.00335
   0.38042   0.30250   0.29250           0.00283
   0.38042   0.30250  -0.45750           0.00222
   0.38042   0.30250  -0.20750           0.00306
   0.38042  -0.44750   0.04250           0.00315
   0.38042  -0.44750   0.29250           0.00238
   0.38042  -0.44750  -0.45750           0.00261
   0.38042  -0.44750  -0.20750           0.00322
   0.38042  -0.19750   0.04250           0.00350
   0.38042  -0.19750   0.29250           0.00271
   0.38042  -0.19750  -0.45750           0.00265
   0.38042  -0.19750  -0.20750           0.00346
   0.42208   0.05250   0.04250           0.00687
   0.42208   0.05250   0.29250           0.00551
   0.42208   0.05250  -0.45750           0.00473
   0.42208   0.05250  -0.20750           0.00645
   0.42208   0.30250   0.04250           0.00638
   0.42208   0.30250   0.29250           0.00543
   0.42208   0.30250  -0.45750           0.00411
   0.42208   0.30250  -0.20750           0.00577
   0.42208  -0.44750   0.04250           0.00596
   0.42208  -0.44750   0.29250           0.00445
   0.42208  -0.44750  -0.45750           0.00501
   0.42208  -0.44750  -0.20750           0.00614
   0.42208  -0.19750   0.04250           0.00669
   0.42208  -0.19750   0.29250           0.00514
   0.42208  -0.19750  -0.45750           0.00504
   0.42208  -0.19750  -0.20750           0.00661
   0.46375   0.05250   0.04250           0.01329
   0.46375   0.05250   0.29250           0.01069
   0.46375   0.05250  -0.45750           0.00921
   0.46375   0.05250  -0.20750           0.01251
   0.46375   0.30250   0.04250           0.01238
   0.46375   0.30250   0.29250           0.01059
   0.46375   0.30250  -0.45750           0.00798
   0.46375   0.30250  -0.20750           0.01117
   0.46375  -0.44750   0.04250           0.01142
   0.46375  -0.44750   0.29250           0.00852
   0.46375  -0.44750  -0.45750           0.00979
   0.46375  -0.44750  -0.20750           0.01190
   0.46375  -0.19750   0.04250           0.01287
   0.46375  -0.19750   0.29250           0.00990
   0.46375  -0.19750  -0.45750           0.00986
   0.46375  -0.19750  -0.20750           0.01282
  -0.49458   0.05250   0.04250           0.01501
  -0.49458   0.05250   0.29250           0.01206
  -0.49458   0.05250  -0.45750           0.01038
  -0.49458   0.05250  -0.20750           0.01415
  -0.49458   0.30250   0.04250           0.01397
  -0.49458   0.30250   0.29250           0.01195
  -0.49458   0.30250  -0.45750           0.00895
  -0.49458   0.30250  -0.20750           0.01263
  -0.49458  -0.44750   0.04250           0.01288
  -0.49458  -0.44750   0.29250           0.00960
  -0.49458  -0.44750  -0.45750           0.01106
  -0.49458  -0.44750  -0.20750           0.01344
  -0.49458  -0.19750   0.04250           0.01453
  -0.49458  -0.19750   0.29250           0.01117
  -0.49458  -0.19750  -0.45750           0.01115
  -0.49458  -0.19750  -0.20750           0.01450
  -0.45292   0.05250   0.04250           0.01260
  -0.45292   0.05250   0.29250           0.01011
  -0.45292   0.05250  -0.45750           0.00876
  -0.45292   0.05250  -0.20750           0.01193
  -0.45292   0.30250   0.04250           0.01172
  -0.45292   0.30250   0.29250           0.01002
  -0.45292   0.30250  -0.45750           0.00758
  -0.45292   0.30250  -0.20750           0.01066
  -0.45292  -0.44750   0.04250           0.01085
  -0.45292  -0.44750   0.29250           0.00813
  -0.45292  -0.44750  -0.45750           0.00932
  -0.45292  -0.44750  -0.20750           0.01134
  -0.45292  -0.19750   0.04250           0.01219
  -0.45292  -0.19750   0.29250           0.00938
  -0.45292  -0.19750  -0.45750           0.00941
  -0.45292  -0.19750  -0.20750           0.01222
  -0.41125   0.05250   0.04250           0.00590
  -0.41125   0.05250   0.29250           0.00468
  -0.41125   0.05250  -0.45750           0.00413
  -0.41125   0.05250  -0.20750           0.00561
  -0.41125   0.30250   0.04250           0.00552
  -0.41125   0.30250   0.29250           0.00464
  -0.41125   0.30250  -0.45750           0.00362
  -0.41125   0.30250  -0.20750           0.00506
  -0.41125  -0.44750   0.04250           0.00509
  -0.41125  -0.44750   0.29250           0.00378
  -0.41125  -0.44750  -0.45750           0.00433
  -0.41125  -0.44750  -0.20750           0.00531
  -0.41125  -0.19750   0.04250           0.00571
  -0.41125  -0.19750   0.29250           0.00437
  -0.41125  -0.19750  -0.45750           0.00441
  -0.41125  -0.19750  -0.20750           0.00573
  -0.36958   0.05250   0.04250           0.00290
  -0.36958   0.05250   0.29250           0.00230
  -0.36958   0.05250  -0.45750           0.00206
  -0.36958   0.05250  -0.20750           0.00277
  -0.36958   0.30250   0.04250           0.00272
  -0.36958   0.30250   0.29250           0.00226
  -0.36958   0.30250  -0.45750           0.00183
  -0.36958   0.30250  -0.20750           0.00252
  -0.36958  -0.44750   0.04250           0.00254
  -0.36958  -0.44750   0.29250           0.00190
  -0.36958  -0.44750  -0.45750           0.00212
  -0.36958  -0.44750  -0.20750           0.00261
  -0.36958  -0.19750   0.04250           0.00282
  -0.36958  -0.19750   0.29250           0.00216
  -0.36958  -0.19750  -0.45750           0.00216
  -0.36958  -0.19750  -0.20750           0.00281
  -0.32792   0.05250   0.04250           0.00100
  -0.32792   0.05250   0.29250           0.00077
  -0.32792   0.05250  -0.45750           0.00073
  -0.32792   0.05250  -0.20750           0.00099
  -0.32792   0.30250   0.04250           0.00096
  -0.32792   0.30250   0.29250           0.00077
  -0.32792   0.30250  -0.45750           0.00064
  -0.32792   0.30250  -0.20750           0.00090
  -0.32792  -0.44750   0.04250           0.00088
  -0.32792  -0.44750   0.29250           0.00066
  -0.32792  -0.44750  -0.45750           0.00074
  -0.32792  -0.44750  -0.20750           0.00093
  -0.32792  -0.19750   0.04250           0.00101
  -0.32792  -0.19750   0.29250           0.00078
  -0.32792  -0.19750  -0.45750           0.00078
  -0.32792  -0.19750  -0.20750           0.00101
  -0.28625   0.05250   0.04250           0.00007
  -0.28625   0.05250   0.29250           0.00007
  -0.28625   0.05250  -0.45750           0.00007
  -0.28625   0.05250  -0.20750           0.00007
  -0.28625   0.30250   0.04250           0.00007
  -0.28625   0.30250   0.29250           0.00007
  -0.28625   0.30250  -0.45750           0.00006
  -0.28625   0.30250  -0.20750           0.00006
  -0.28625  -0.44750   0.04250           0.00006
  -0.28625  -0.44750   0.29250           0.00007
  -0.28625  -0.44750  -0.45750           0.00007
  -0.28625  -0.44750  -0.20750           0.00007
  -0.28625  -0.19750   0.04250           0.00007
  -0.28625  -0.19750   0.29250           0.00007
  -0.28625  -0.19750  -0.45750           0.00007
  -0.28625  -0.19750  -0.20750           0.00007
  -0.24458   0.05250   0.04250           0.00022
  -0.24458   0.05250   0.29250           0.00021
  -0.24458   0.05250  -0.45750           0.00019
  -0.24458   0.05250  -0.20750           0.00021
  -0.24458   0.30250   0.04250           0.00021
  -0.24458   0.30250   0.29250           0.00021
  -0.24458   0.30250  -0.45750           0.00018
  -0.24458   0.30250  -0.20750           0.00020
  -0.24458  -0.44750   0.04250           0.00020
  -0.24458  -0.44750   0.29250           0.00019
  -0.24458  -0.44750  -0.45750           0.00020
  -0.24458  -0.44750  -0.20750           0.00021
  -0.24458  -0.19750   0.04250           0.00021
  -0.24458  -0.19750   0.29250           0.00020
  -0.24458  -0.19750  -0.45750           0.00020
  -0.24458  -0.19750  -0.20750           0.00021
  -0.20292   0.05250   0.04250           0.00035
  -0.20292   0.05250   0.29250           0.00033
  -0.20292   0.05250  -0.45750           0.00030
  -0.20292   0.05250  -0.20750           0.00034
  -0.20292   0.30250   0.04250           0.00034
  -0.20292   0.30250   0.29250           0.00033
  -0.20292   0.30250  -0.45750           0.00028
  -0.20292   0.30250  -0.20750           0.00032
  -0.20292  -0.44750   0.04250           0.00032
  -0.20292  -0.44750   0.29250           0.00029
  -0.20292  -0.44750  -0.45750           0.00032
  -0.20292  -0.44750  -0.20750           0.00034
  -0.20292  -0.19750   0.04250           0.00034
  -0.20292  -0.19750   0.29250           0.00031
  -0.20292  -0.19750  -0.45750           0.00032
  -0.20292  -0.19750  -0.20750           0.00035
  -0.16125   0.05250   0.04250           0.00097
  -0.16125   0.05250   0.29250           0.00089
  -0.16125   0.05250  -0.45750           0.00084
  -0.16125   0.05250  -0.20750           0.00095
  -0.16125   0.30250   0.04250           0.00095
  -0.16125   0.30250   0.29250           0.00090
  -0.16125   0.30250  -0.45750           0.00080
  -0.16125   0.30250  -0.20750           0.00092
  -0.16125  -0.44750   0.04250           0.00091
  -0.16125  -0.44750   0.29250           0.00080
  -0.16125  -0.44750  -0.45750           0.00087
  -0.16125  -0.44750  -0.20750           0.00093
  -0.16125  -0.19750   0.04250           0.00095
  -0.16125  -0.19750   0.29250           0.00086
  -0.16125  -0.19750  -0.45750           0.00087
  -0.16125  -0.19750  -0.20750           0.00096
  -0.11958   0.05250   0.04250           0.00108
  -0.11958   0.05250   0.29250           0.00099
  -0.11958   0.05250  -0.45750           0.00091
  -0.11958   0.05250  -0.20750           0.00104
  -0.11958   0.30250   0.04250           0.00105
  -0.11958   0.30250   0.29250           0.00100
  -0.11958   0.30250  -0.45750           0.00086
  -0.11958   0.30250  -0.20750           0.00100
  -0.11958  -0.44750   0.04250           0.00101
  -0.11958  -0.44750   0.29250           0.00089
  -0.11958  -0.44750  -0.45750           0.00096
  -0.11958  -0.44750  -0.20750           0.00103
  -0.11958  -0.19750   0.04250           0.00106
  -0.11958  -0.19750   0.29250           0.00095
  -0.11958  -0.19750  -0.45750           0.00095
  -0.11958  -0.19750  -0.20750           0.00106
  -0.07792   0.05250   0.04250           0.00113
  -0.07792   0.05250   0.29250           0.00105
  -0.07792   0.05250  -0.45750           0.00096
  -0.07792   0.05250  -0.20750           0.00110
  -0.07792   0.30250   0.04250           0.00109
  -0.07792   0.30250   0.29250           0.00104
  -0.07792   0.30250  -0.45750           0.00090
  -0.07792   0.30250  -0.20750           0.00104
  -0.07792  -0.44750   0.04250           0.00105
  -0.07792  -0.44750   0.29250           0.00093
  -0.07792  -0.44750  -0.45750           0.00100
  -0.07792  -0.44750  -0.20750           0.00107
  -0.07792  -0.19750   0.04250           0.00111
  -0.07792  -0.19750   0.29250           0.00101
  -0.07792  -0.19750  -0.45750           0.00100
  -0.07792  -0.19750  -0.20750           0.00111
  -0.03625   0.05250   0.04250           0.00150
  -0.03625   0.05250   0.29250           0.00138
  -0.03625   0.05250  -0.45750           0.00129
  -0.03625   0.05250  -0.20750           0.00146
  -0.03625   0.30250   0.04250           0.00143
  -0.03625   0.30250   0.29250           0.00136
  -0.03625   0.30250  -0.45750           0.00117
  -0.03625   0.30250  -0.20750           0.00136
  -0.03625  -0.44750   0.04250           0.00136
  -0.03625  -0.44750   0.29250           0.00119
  -0.03625  -0.44750  -0.45750           0.00131
  -0.03625  -0.44750  -0.20750           0.00140
  -0.03625  -0.19750   0.04250           0.00146
  -0.03625  -0.19750   0.29250           0.00131
  -0.03625  -0.19750  -0.45750           0.00132
  -0.03625  -0.19750  -0.20750           0.00147
