#       kx        ky        kz      sum |A(k)|^2
  0.05250   0.04250      0.00542         0.00183
  0.05250   0.29250      0.00542         0.00168
  0.05250  -0.45750      0.00542         0.00155
  0.05250  -0.20750      0.00542         0.00177
  0.30250   0.04250      0.00542         0.00169
  0.30250   0.29250      0.00542         0.00163
  0.30250  -0.45750      0.00542         0.00137
  0.30250  -0.20750      0.00542         0.00160
 -0.44750   0.04250      0.00542         0.00159
 -0.44750   0.29250      0.00542         0.00138
 -0.44750  -0.45750      0.00542         0.00156
 -0.44750  -0.20750      0.00542         0.00165
 -0.19750   0.04250      0.00542         0.00178
 -0.19750   0.29250      0.00542         0.00159
 -0.19750  -0.45750      0.00542         0.00163
 -0.19750  -0.20750      0.00542         0.00179
  0.05250   0.04250      0.04708         0.00163
  0.05250   0.29250      0.04708         0.00148
  0.05250  -0.45750      0.04708         0.00140
  0.05250  -0.20750      0.04708         0.00161
  0.30250   0.04250      0.04708         0.00152
  0.30250   0.29250      0.04708         0.00145
  0.30250  -0.45750      0.04708         0.00126
  0.30250  -0.20750      0.04708         0.00148
 -0.44750   0.04250      0.04708         0.00146
 -0.44750   0.29250      0.04708         0.00127
 -0.44750  -0.45750      0.04708         0.00143
 -0.44750  -0.20750      0.04708         0.00153
 -0.19750   0.04250      0.04708         0.00162
 -0.19750   0.29250      0.04708         0.00144
 -0.19750  -0.45750      0.04708         0.00149
 -0.19750  -0.20750      0.04708         0.00164
  0.05250   0.04250      0.08875         0.00116
  0.05250   0.29250      0.08875         0.00107
  0.05250  -0.45750      0.08875         0.00099
  0.05250  -0.20750      0.08875         0.00112
  0.30250   0.04250      0.08875         0.00111
  0.30250   0.29250      0.08875         0.00106
  0.30250  -0.45750      0.08875         0.00091
  0.30250  -0.20750      0.08875         0.00106
 -0.44750   0.04250      0.08875         0.00107
 -0.44750   0.29250      0.08875         0.00094
 -0.44750  -0.45750      0.08875         0.00101
 -0.44750  -0.20750      0.08875         0.00109
 -0.19750   0.04250      0.08875         0.00114
 -0.19750   0.29250      0.08875         0.00103
 -0.19750  -0.45750      0.08875         0.00103
 -0.19750  -0.20750      0.08875         0.00114
  0.05250   0.04250      0.13042         0.00106
  0.05250   0.29250      0.13042         0.00098
  0.05250  -0.45750      0.13042         0.00091
  0.05250  -0.20750      0.13042         0.00104
  0.30250   0.04250      0.13042         0.00104
  0.30250   0.29250      0.13042         0.00098
  0.30250  -0.45750      0.13042         0.00085
  0.30250  -0.20750      0.13042         0.00099
 -0.44750   0.04250      0.13042         0.00100
 -0.44750   0.29250      0.13042         0.00088
 -0.44750  -0.45750      0.13042         0.00094
 -0.44750  -0.20750      0.13042         0.00102
 -0.19750   0.04250      0.13042         0.00105
 -0.19750   0.29250      0.13042         0.00094
 -0.19750  -0.45750      0.13042         0.00095
 -0.19750  -0.20750      0.13042         0.00105
  0.05250   0.04250      0.17208         0.00094
  0.05250   0.29250      0.17208         0.00087
  0.05250  -0.45750      0.17208         0.00082
  0.05250  -0.20750      0.17208         0.00091
  0.30250   0.04250      0.17208         0.00092
  0.30250   0.29250      0.17208         0.00087
  0.30250  -0.45750      0.17208         0.00078
  0.30250  -0.20750      0.17208         0.00088
 -0.44750   0.04250      0.17208         0.00088
 -0.44750   0.29250      0.17208         0.00078
 -0.44750  -0.45750      0.17208         0.00083
 -0.44750  -0.20750      0.17208         0.00089
 -0.19750   0.04250      0.17208         0.00092
 -0.19750   0.29250      0.17208         0.00083
 -0.19750  -0.45750      0.17208         0.00084
 -0.19750  -0.20750      0.17208         0.00092
  0.05250   0.04250      0.21375         0.00029
  0.05250   0.29250      0.21375         0.00028
  0.05250  -0.45750      0.21375         0.00025
  0.05250  -0.20750      0.21375         0.00028
  0.30250   0.04250      0.21375         0.00029
  0.30250   0.29250      0.21375         0.00028
  0.30250  -0.45750      0.21375         0.00024
  0.30250  -0.20750      0.21375         0.00027
 -0.44750   0.04250      0.21375         0.00027
 -0.44750   0.29250      0.21375         0.00025
 -0.44750  -0.45750      0.21375         0.00026
 -0.44750  -0.20750      0.21375         0.00027
 -0.19750   0.04250      0.21375         0.00029
 -0.19750   0.29250      0.21375         0.00026
 -0.19750  -0.45750      0.21375         0.00026
 -0.19750  -0.20750      0.21375         0.00028
  0.05250   0.04250      0.25542         0.00015
  0.05250   0.29250      0.25542         0.00015
  0.05250  -0.45750      0.25542         0.00014
  0.05250  -0.20750      0.25542         0.00015
  0.30250   0.04250      0.25542         0.00015
  0.30250   0.29250      0.25542         0.00015
  0.30250  -0.45750      0.25542         0.00013
  0.30250  -0.20750      0.25542         0.00014
 -0.44750   0.04250      0.25542         0.00014
 -0.44750   0.29250      0.25542         0.00014
 -0.44750  -0.45750      0.25542         0.00014
 -0.44750  -0.20750      0.25542         0.00015
 -0.19750   0.04250      0.25542         0.00015
 -0.19750   0.29250      0.25542         0.00015
 -0.19750  -0.45750      0.25542         0.00014
 -0.19750  -0.20750      0.25542         0.00015
  0.05250   0.04250      0.29708         0.00004
  0.05250   0.29250      0.29708         0.00005
  0.05250  -0.45750      0.29708         0.00004
  0.05250  -0.20750      0.29708         0.00004
  0.30250   0.04250      0.29708         0.00004
  0.30250   0.29250      0.29708         0.00005
  0.30250  -0.45750      0.29708         0.00004
  0.30250  -0.20750      0.29708         0.00004
 -0.44750   0.04250      0.29708         0.00004
 -0.44750   0.29250      0.29708         0.00004
 -0.44750  -0.45750      0.29708         0.00004
 -0.44750  -0.20750      0.29708         0.00004
 -0.19750   0.04250      0.29708         0.00004
 -0.19750   0.29250      0.29708         0.00005
 -0.19750  -0.45750      0.29708         0.00004
 -0.19750  -0.20750      0.29708         0.00004
  0.05250   0.04250      0.33875         0.00141
  0.05250   0.29250      0.33875         0.00114
  0.05250  -0.45750      0.33875         0.00101
  0.05250  -0.20750      0.33875         0.00134
  0.30250   0.04250      0.33875         0.00133
  0.30250   0.29250      0.33875         0.00111
  0.30250  -0.45750      0.33875         0.00089
  0.30250  -0.20750      0.33875         0.00121
 -0.44750   0.04250      0.33875         0.00123
 -0.44750   0.29250      0.33875         0.00093
 -0.44750  -0.45750      0.33875         0.00103
 -0.44750  -0.20750      0.33875         0.00121
 -0.19750   0.04250      0.33875         0.00136
 -0.19750   0.29250      0.33875         0.00105
 -0.19750  -0.45750      0.33875         0.00102
 -0.19750  -0.20750      0.33875         0.00134
  0.05250   0.04250      0.38042         0.00360
  0.05250   0.29250      0.38042         0.00289
  0.05250  -0.45750      0.38042         0.00255
  0.05250  -0.20750      0.38042         0.00343
  0.30250   0.04250      0.38042         0.00338
  0.30250   0.29250      0.38042         0.00286
  0.30250  -0.45750      0.38042         0.00225
  0.30250  -0.20750      0.38042         0.00311
 -0.44750   0.04250      0.38042         0.00314
 -0.44750   0.29250      0.38042         0.00235
 -0.44750  -0.45750      0.38042         0.00265
 -0.44750  -0.20750      0.38042         0.00324
 -0.19750   0.04250      0.38042         0.00349
 -0.19750   0.29250      0.38042         0.00270
 -0.19750  -0.45750      0.38042         0.00269
 -0.19750  -0.20750      0.38042         0.00349
  0.05250   0.04250      0.42208         0.00683
  0.05250   0.29250      0.42208         0.00546
  0.05250  -0.45750      0.42208         0.00476
  0.05250  -0.20750      0.42208         0.00646
  0.30250   0.04250      0.42208         0.00637
  0.30250   0.29250      0.42208         0.00541
  0.30250  -0.45750      0.42208         0.00414
  0.30250  -0.20750      0.42208         0.00580
 -0.44750   0.04250      0.42208         0.00586
 -0.44750   0.29250      0.42208         0.00434
 -0.44750  -0.45750      0.42208         0.00502
 -0.44750  -0.20750      0.42208         0.00610
 -0.19750   0.04250      0.42208         0.00662
 -0.19750   0.29250      0.42208         0.00507
 -0.19750  -0.45750      0.42208         0.00507
 -0.19750  -0.20750      0.42208         0.00659
  0.05250   0.04250      0.46375         0.01308
  0.05250   0.29250      0.46375         0.01056
  0.05250  -0.45750      0.46375         0.00906
  0.05250  -0.20750      0.46375         0.01232
  0.30250   0.04250      0.46375         0.01217
  0.30250   0.29250      0.46375         0.01046
  0.30250  -0.45750      0.46375         0.00782
  0.30250  -0.20750      0.46375         0.01098
 -0.44750   0.04250      0.46375         0.01124
 -0.44750   0.29250      0.46375         0.00839
 -0.44750  -0.45750      0.46375         0.00968
 -0.44750  -0.20750      0.46375         0.01173
 -0.19750   0.04250      0.46375         0.01268
 -0.19750   0.29250      0.46375         0.00977
 -0.19750  -0.45750      0.46375         0.00973
 -0.19750  -0.20750      0.46375         0.01264
  0.05250   0.04250     -0.49458         0.01473
  0.05250   0.29250     -0.49458         0.01186
  0.05250  -0.45750     -0.49458         0.01019
  0.05250  -0.20750     -0.49458         0.01389
  0.30250   0.04250     -0.49458         0.01371
  0.30250   0.29250     -0.49458         0.01176
  0.30250  -0.45750     -0.49458         0.00878
  0.30250  -0.20750     -0.49458         0.01237
 -0.44750   0.04250     -0.49458         0.01263
 -0.44750   0.29250     -0.49458         0.00941
 -0.44750  -0.45750     -0.49458         0.01090
 -0.44750  -0.20750     -0.49458         0.01321
 -0.19750   0.04250     -0.49458         0.01426
 -0.19750   0.29250     -0.49458         0.01097
 -0.19750  -0.45750     -0.49458         0.01098
 -0.19750  -0.20750     -0.49458         0.01425
  0.05250   0.04250     -0.45292         0.01237
  0.05250   0.29250     -0.45292         0.00994
  0.05250  -0.45750     -0.45292         0.00861
  0.05250  -0.20750     -0.45292         0.01171
  0.30250   0.04250     -0.45292         0.01150
  0.30250   0.29250     -0.45292         0.00986
  0.30250  -0.45750     -0.45292         0.00743
  0.30250  -0.20750     -0.45292         0.01045
 -0.44750   0.04250     -0.45292         0.01063
 -0.44750   0.29250     -0.45292         0.00795
 -0.44750  -0.45750     -0.45292         0.00919
 -0.44750  -0.20750     -0.45292         0.01113
 -0.19750   0.04250     -0.45292         0.01197
 -0.19750   0.29250     -0.45292         0.00922
 -0.19750  -0.45750     -0.45292         0.00928
 -0.19750  -0.20750     -0.45292         0.01200
  0.05250   0.04250     -0.41125         0.00580
  0.05250   0.29250     -0.41125         0.00463
  0.05250  -0.45750     -0.41125         0.00401
  0.05250  -0.20750     -0.41125         0.00547
  0.30250   0.04250     -0.41125         0.00540
  0.30250   0.29250     -0.41125         0.00458
  0.30250  -0.45750     -0.41125         0.00348
  0.30250  -0.20750     -0.41125         0.00490
 -0.44750   0.04250     -0.41125         0.00504
 -0.44750   0.29250     -0.41125         0.00376
 -0.44750  -0.45750     -0.41125         0.00426
 -0.44750  -0.20750     -0.41125         0.00524
 -0.19750   0.04250     -0.41125         0.00564
 -0.19750   0.29250     -0.41125         0.00434
 -0.19750  -0.45750     -0.41125         0.00432
 -0.19750  -0.20750     -0.41125         0.00562
  0.05250   0.04250     -0.36958         0.00286
  0.05250   0.29250     -0.36958         0.00228
  0.05250  -0.45750     -0.36958         0.00201
  0.05250  -0.20750     -0.36958         0.00271
  0.30250   0.04250     -0.36958         0.00268
  0.30250   0.29250     -0.36958         0.00224
  0.30250  -0.45750     -0.36958         0.00177
  0.30250  -0.20750     -0.36958         0.00245
 -0.44750   0.04250     -0.36958         0.00252
 -0.44750   0.29250     -0.36958         0.00189
 -0.44750  -0.45750     -0.36958         0.00210
 -0.44750  -0.20750     -0.36958         0.00259
 -0.19750   0.04250     -0.36958         0.00279
 -0.19750   0.29250     -0.36958         0.00215
 -0.19750  -0.45750     -0.36958         0.00213
 -0.19750  -0.20750     -0.36958         0.00277
  0.05250   0.04250     -0.32792         0.00099
  0.05250   0.29250     -0.32792         0.00077
  0.05250  -0.45750     -0.32792         0.00071
  0.05250  -0.20750     -0.32792         0.00098
  0.30250   0.04250     -0.32792         0.00095
  0.30250   0.29250     -0.32792         0.00076
  0.30250  -0.45750     -0.32792         0.00062
  0.30250  -0.20750     -0.32792         0.00088
 -0.44750   0.04250     -0.32792         0.00087
 -0.44750   0.29250     -0.32792         0.00065
 -0.44750  -0.45750     -0.32792         0.00074
 -0.44750  -0.20750     -0.32792         0.00092
 -0.19750   0.04250     -0.32792         0.00100
 -0.19750   0.29250     -0.32792         0.00077
 -0.19750  -0.45750     -0.32792         0.00078
 -0.19750  -0.20750     -0.32792         0.00100
  0.05250   0.04250     -0.28625         0.00006
  0.05250   0.29250     -0.28625         0.00007
  0.05250  -0.45750     -0.28625         0.00006
  0.05250  -0.20750     -0.28625         0.00006
  0.30250   0.04250     -0.28625         0.00006
  0.30250   0.29250     -0.28625         0.00007
  0.30250  -0.45750     -0.28625         0.00006
  0.30250  -0.20750     -0.28625         0.00006
 -0.44750   0.04250     -0.28625         0.00006
 -0.44750   0.29250     -0.28625         0.00007
 -0.44750  -0.45750     -0.28625         0.00006
 -0.44750  -0.20750     -0.28625         0.00006
 -0.19750   0.04250     -0.28625         0.00006
 -0.19750   0.29250     -0.28625         0.00007
 -0.19750  -0.45750     -0.28625         0.00006
 -0.19750  -0.20750     -0.28625         0.00006
  0.05250   0.04250     -0.24458         0.00021
  0.05250   0.29250     -0.24458         0.00020
  0.05250  -0.45750     -0.24458         0.00019
  0.05250  -0.20750     -0.24458         0.00020
  0.30250   0.04250     -0.24458         0.00020
  0.30250   0.29250     -0.24458         0.00020
  0.30250  -0.45750     -0.24458         0.00017
  0.30250  -0.20750     -0.24458         0.00019
 -0.44750   0.04250     -0.24458         0.00020
 -0.44750   0.29250     -0.24458         0.00019
 -0.44750  -0.45750     -0.24458         0.00020
 -0.44750  -0.20750     -0.24458         0.00020
 -0.19750   0.04250     -0.24458         0.00021
 -0.19750   0.29250     -0.24458         0.00020
 -0.19750  -0.45750     -0.24458         0.00019
 -0.19750  -0.20750     -0.24458         0.00021
  0.05250   0.04250     -0.20292         0.00035
  0.05250   0.29250     -0.20292         0.00032
  0.05250  -0.45750     -0.20292         0.00030
  0.05250  -0.20750     -0.20292         0.00034
  0.30250   0.04250     -0.20292         0.00033
  0.30250   0.29250     -0.20292         0.00032
  0.30250  -0.45750     -0.20292         0.00028
  0.30250  -0.20750     -0.20292         0.00032
 -0.44750   0.04250     -0.20292         0.00033
 -0.44750   0.29250     -0.20292         0.00029
 -0.44750  -0.45750     -0.20292         0.00031
 -0.44750  -0.20750     -0.20292         0.00034
 -0.19750   0.04250     -0.20292         0.00034
 -0.19750   0.29250     -0.20292         0.00031
 -0.19750  -0.45750     -0.20292         0.00032
 -0.19750  -0.20750     -0.20292         0.00035
  0.05250   0.04250     -0.16125         0.00099
  0.05250   0.29250     -0.16125         0.00092
  0.05250  -0.45750     -0.16125         0.00085
  0.05250  -0.20750     -0.16125         0.00096
  0.30250   0.04250     -0.16125         0.00096
  0.30250   0.29250     -0.16125         0.00092
  0.30250  -0.45750     -0.16125         0.00079
  0.30250  -0.20750     -0.16125         0.00091
 -0.44750   0.04250     -0.16125         0.00094
 -0.44750   0.29250     -0.16125         0.00084
 -0.44750  -0.45750     -0.16125         0.00088
 -0.44750  -0.20750     -0.16125         0.00095
 -0.19750   0.04250     -0.16125         0.00098
 -0.19750   0.29250     -0.16125         0.00090
 -0.19750  -0.45750     -0.16125         0.00088
 -0.19750  -0.20750     -0.16125         0.00098
  0.05250   0.04250     -0.11958         0.00113
  0.05250   0.29250     -0.11958         0.00104
  0.05250  -0.45750     -0.11958         0.00096
  0.05250  -0.20750     -0.11958         0.00109
  0.30250   0.04250     -0.11958         0.00109
  0.30250   0.29250     -0.11958         0.00103
  0.30250  -0.45750     -0.11958         0.00089
  0.30250  -0.20750     -0.11958         0.00103
 -0.44750   0.04250     -0.11958         0.00106
 -0.44750   0.29250     -0.11958         0.00093
 -0.44750  -0.45750     -0.11958         0.00100
 -0.44750  -0.20750     -0.11958         0.00108
 -0.19750   0.04250     -0.11958         0.00112
 -0.19750   0.29250     -0.11958         0.00100
 -0.19750  -0.45750     -0.11958         0.00100
 -0.19750  -0.20750     -0.11958         0.00111
  0.05250   0.04250     -0.07792         0.00123
  0.05250   0.29250     -0.07792         0.00113
  0.05250  -0.45750     -0.07792         0.00106
  0.05250  -0.20750     -0.07792         0.00119
  0.30250   0.04250     -0.07792         0.00117
  0.30250   0.29250     -0.07792         0.00112
  0.30250  -0.45750     -0.07792         0.00097
  0.30250  -0.20750     -0.07792         0.00112
 -0.44750   0.04250     -0.07792         0.00112
 -0.44750   0.29250     -0.07792         0.00099
 -0.44750  -0.45750     -0.07792         0.00108
 -0.44750  -0.20750     -0.07792         0.00115
 -0.19750   0.04250     -0.07792         0.00120
 -0.19750   0.29250     -0.07792         0.00108
 -0.19750  -0.45750     -0.07792         0.00109
 -0.19750  -0.20750     -0.07792         0.00121
  0.05250   0.04250     -0.03625         0.00171
  0.05250   0.29250     -0.03625         0.00158
  0.05250  -0.45750     -0.03625         0.00145
  0.05250  -0.20750     -0.03625         0.00165
  0.30250   0.04250     -0.03625         0.00160
  0.30250   0.29250     -0.03625         0.00154
  0.30250  -0.45750     -0.03625         0.00128
  0.30250  -0.20750     -0.03625         0.00150
 -0.44750   0.04250     -0.03625         0.00151
 -0.44750   0.29250     -0.03625         0.00132
 -0.44750  -0.45750     -0.03625         0.00145
 -0.44750  -0.20750     -0.03625         0.00155
 -0.19750   0.04250     -0.03625         0.00166
 -0.19750   0.29250     -0.03625         0.00149
 -0.19750  -0.45750     -0.03625         0.00147
 -0.19750  -0.20750     -0.03625         0.00166
