#       kx        ky        kz      sum |A(k)|^2
   0.00542   0.05250   0.04250           0.00002
   0.00542   0.05250   0.29250           0.00002
   0.00542   0.05250  -0.45750           0.00002
   0.00542   0.05250  -0.20750           0.00002
   0.00542   0.30250   0.04250           0.00002
   0.00542   0.30250   0.29250           0.00002
   0.00542   0.30250  -0.45750           0.00002
   0.00542   0.30250  -0.20750           0.00002
   0.00542  -0.44750   0.04250           0.00002
   0.00542  -0.44750   0.29250           0.00002
   0.00542  -0.44750  -0.45750           0.00002
   0.00542  -0.44750  -0.20750           0.00002
   0.00542  -0.19750   0.04250           0.00002
   0.00542  -0.19750   0.29250           0.00002
   0.00542  -0.19750  -0.45750           0.00002
   0.00542  -0.19750  -0.20750           0.00002
   0.04708   0.05250   0.04250           0.00004
   0.04708   0.05250   0.29250           0.00003
   0.04708   0.05250  -0.45750           0.00004
   0.04708   0.05250  -0.20750           0.00004
   0.04708   0.30250   0.04250           0.00004
   0.04708   0.30250   0.29250           0.00004
   0.04708   0.30250  -0.45750           0.00004
   0.04708   0.30250  -0.20750           0.00004
   0.04708  -0.44750   0.04250           0.00003
   0.04708  -0.44750   0.29250           0.00003
   0.04708  -0.44750  -0.45750           0.00003
   0.04708  -0.44750  -0.20750           0.00003
   0.04708  -0.19750   0.04250           0.00003
   0.04708  -0.19750   0.29250           0.00003
   0.04708  -0.19750  -0.45750           0.00003
   0.04708  -0.19750  -0.20750           0.00003
   0.08875   0.05250   0.04250           0.00033
   0.08875   0.05250   0.29250           0.00028
   0.08875   0.05250  -0.45750           0.00030
   0.08875   0.05250  -0.20750           0.00034
   0.08875   0.30250   0.04250           0.00034
   0.08875   0.30250   0.29250           0.00030
   0.08875   0.30250  -0.45750           0.00031
   0.08875   0.30250  -0.20750           0.00035
   0.08875  -0.44750   0.04250           0.00026
   0.08875  -0.44750   0.29250           0.00022
   0.08875  -0.44750  -0.45750           0.00027
   0.08875  -0.44750  -0.20750           0.00028
   0.08875  -0.19750   0.04250           0.00030
   0.08875  -0.19750   0.29250           0.00025
   0.08875  -0.19750  -0.45750           0.00029
   0.08875  -0.19750  -0.20750           0.00031
   0.13042   0.05250   0.04250           0.00056
   0.13042   0.05250   0.29250           0.00048
   0.13042   0.05250  -0.45750           0.00048
   0.13042   0.05250  -0.20750           0.00055
   0.13042   0.30250   0.04250           0.00057
   0.13042   0.30250   0.29250           0.00050
   0.13042   0.30250  -0.45750           0.00046
   0.13042   0.30250  -0.20750           0.00055
   0.13042  -0.44750   0.04250           0.00049
   0.13042  -0.44750   0.29250           0.00041
   0.13042  -0.44750  -0.45750           0.00045
   0.13042  -0.44750  -0.20750           0.00050
   0.13042  -0.19750   0.04250           0.00052
   0.13042  -0.19750   0.29250           0.00044
   0.13042  -0.19750  -0.45750           0.00047
   0.13042  -0.19750  -0.20750           0.00053
   0.17208   0.05250   0.04250           0.00092
   0.17208   0.05250   0.29250           0.00082
   0.17208   0.05250  -0.45750           0.00075
   0.17208   0.05250  -0.20750           0.00088
   0.17208   0.30250   0.04250           0.00092
   0.17208   0.30250   0.29250           0.00083
   0.17208   0.30250  -0.45750           0.00070
   0.17208   0.30250  -0.20750           0.00085
   0.17208  -0.44750   0.04250           0.00083
   0.17208  -0.44750   0.29250           0.00071
   0.17208  -0.44750  -0.45750           0.00073
   0.17208  -0.44750  -0.20750           0.00083
   0.17208  -0.19750   0.04250           0.00088
   0.17208  -0.19750   0.29250           0.00076
   0.17208  -0.19750  -0.45750           0.00074
   0.17208  -0.19750  -0.20750           0.00087
   0.21375   0.05250   0.04250           0.00222
   0.21375   0.05250   0.29250           0.00188
   0.21375   0.05250  -0.45750           0.00184
   0.21375   0.05250  -0.20750           0.00218
   0.21375   0.30250   0.04250           0.00220
   0.21375   0.30250   0.29250           0.00192
   0.21375   0.30250  -0.45750           0.00177
   0.21375   0.30250  -0.20750           0.00208
   0.21375  -0.44750   0.04250           0.00195
   0.21375  -0.44750   0.29250           0.00159
   0.21375  -0.44750  -0.45750           0.00182
   0.21375  -0.44750  -0.20750           0.00199
   0.21375  -0.19750   0.04250           0.00211
   0.21375  -0.19750   0.29250           0.00176
   0.21375  -0.19750  -0.45750           0.00185
   0.21375  -0.19750  -0.20750           0.00215
   0.25542   0.05250   0.04250           0.00352
   0.25542   0.05250   0.29250           0.00303
   0.25542   0.05250  -0.45750           0.00281
   0.25542   0.05250  -0.20750           0.00341
   0.25542   0.30250   0.04250           0.00342
   0.25542   0.30250   0.29250           0.00305
   0.25542   0.30250  -0.45750           0.00260
   0.25542   0.30250  -0.20750           0.00323
   0.25542  -0.44750   0.04250           0.00315
   0.25542  -0.44750   0.29250           0.00259
   0.25542  -0.44750  -0.45750           0.00285
   0.25542  -0.44750  -0.20750           0.00322
   0.25542  -0.19750   0.04250           0.00340
   0.25542  -0.19750   0.29250           0.00285
   0.25542  -0.19750  -0.45750           0.00289
   0.25542  -0.19750  -0.20750           0.00340
   0.29708   0.05250   0.04250           0.00542
   0.29708   0.05250   0.29250           0.00481
   0.29708   0.05250  -0.45750           0.00411
   0.29708   0.05250  -0.20750           0.00498
   0.29708   0.30250   0.04250           0.00535
   0.29708   0.30250   0.29250           0.00478
   0.29708   0.30250  -0.45750           0.00379
   0.29708   0.30250  -0.20750           0.00468
   0.29708  -0.44750   0.04250           0.00488
   0.29708  -0.44750   0.29250           0.00411
   0.29708  -0.44750  -0.45750           0.00425
   0.29708  -0.44750  -0.20750           0.00478
   0.29708  -0.19750   0.04250           0.00510
   0.29708  -0.19750   0.29250           0.00430
   0.29708  -0.19750  -0.45750           0.00414
   0.29708  -0.19750  -0.20750           0.00501
   0.33875   0.05250   0.04250           0.00737
   0.33875   0.05250   0.29250           0.00599
   0.33875   0.05250  -0.45750           0.00557
   0.33875   0.05250  -0.20750           0.00709
   0.33875   0.30250   0.04250           0.00713
   0.33875   0.30250   0.29250           0.00607
   0.33875   0.30250  -0.45750           0.00501
   0.33875   0.30250  -0.20750           0.00652
   0.33875  -0.44750   0.04250           0.00608
   0.33875  -0.44750   0.29250           0.00461
   0.33875  -0.44750  -0.45750           0.00550
   0.33875  -0.44750  -0.20750           0.00610
   0.33875  -0.19750   0.04250           0.00687
   0.33875  -0.19750   0.29250           0.00535
   0.33875  -0.19750  -0.45750           0.00549
   0.33875  -0.19750  -0.20750           0.00688
   0.38042   0.05250   0.04250           0.00878
   0.38042   0.05250   0.29250           0.00710
   0.38042   0.05250  -0.45750           0.00652
   0.38042   0.05250  -0.20750           0.00842
   0.38042   0.30250   0.04250           0.00846
   0.38042   0.30250   0.29250           0.00722
   0.38042   0.30250  -0.45750           0.00585
   0.38042   0.30250  -0.20750           0.00778
   0.38042  -0.44750   0.04250           0.00726
   0.38042  -0.44750   0.29250           0.00552
   0.38042  -0.44750  -0.45750           0.00652
   0.38042  -0.44750  -0.20750           0.00763
   0.38042  -0.19750   0.04250           0.00825
   0.38042  -0.19750   0.29250           0.00643
   0.38042  -0.19750  -0.45750           0.00670
   0.38042  -0.19750  -0.20750           0.00833
   0.42208   0.05250   0.04250           0.00737
   0.42208   0.05250   0.29250           0.00596
   0.42208   0.05250  -0.45750           0.00546
   0.42208   0.05250  -0.20750           0.00709
   0.42208   0.30250   0.04250           0.00707
   0.42208   0.30250   0.29250           0.00611
   0.42208   0.30250  -0.45750           0.00488
   0.42208   0.30250  -0.20750           0.00652
   0.42208  -0.44750   0.04250           0.00595
   0.42208  -0.44750   0.29250           0.00448
   0.42208  -0.44750  -0.45750           0.00548
   0.42208  -0.44750  -0.20750           0.00636
   0.42208  -0.19750   0.04250           0.00685
   0.42208  -0.19750   0.29250           0.00529
   0.42208  -0.19750  -0.45750           0.00560
   0.42208  -0.19750  -0.20750           0.00698
   0.46375   0.05250   0.04250           0.00087
   0.46375   0.05250   0.29250           0.00061
   0.46375   0.05250  -0.45750           0.00075
   0.46375   0.05250  -0.20750           0.00093
   0.46375   0.30250   0.04250           0.00091
   0.46375   0.30250   0.29250           0.00070
   0.46375   0.30250  -0.45750           0.00072
   0.46375   0.30250  -0.20750           0.00092
   0.46375  -0.44750   0.04250           0.00052
   0.46375  -0.44750   0.29250           0.00033
   0.46375  -0.44750  -0.45750           0.00059
   0.46375  -0.44750  -0.20750           0.00063
   0.46375  -0.19750   0.04250           0.00069
   0.46375  -0.19750   0.29250           0.00046
   0.46375  -0.19750  -0.45750           0.00068
   0.46375  -0.19750  -0.20750           0.00079
  -0.49458   0.05250   0.04250           0.00004
  -0.49458   0.05250   0.29250           0.00005
  -0.49458   0.05250  -0.45750           0.00003
  -0.49458   0.05250  -0.20750           0.00003
  -0.49458   0.30250   0.04250           0.00003
  -0.49458   0.30250   0.29250           0.00003
  -0.49458   0.30250  -0.45750           0.00003
  -0.49458   0.30250  -0.20750           0.00003
  -0.49458  -0.44750   0.04250           0.00009
  -0.49458  -0.44750   0.29250           0.00009
  -0.49458  -0.44750  -0.45750           0.00004
  -0.49458  -0.44750  -0.20750           0.00006
  -0.49458  -0.19750   0.04250           0.00007
  -0.49458  -0.19750   0.29250           0.00008
  -0.49458  -0.19750  -0.45750           0.00003
  -0.49458  -0.19750  -0.20750           0.00005
  -0.45292   0.05250   0.04250           0.00124
  -0.45292   0.05250   0.29250           0.00109
  -0.45292   0.05250  -0.45750           0.00066
  -0.45292   0.05250  -0.20750           0.00102
  -0.45292   0.30250   0.04250           0.00102
  -0.45292   0.30250   0.29250           0.00096
  -0.45292   0.30250  -0.45750           0.00050
  -0.45292   0.30250  -0.20750           0.00080
  -0.45292  -0.44750   0.04250           0.00136
  -0.45292  -0.44750   0.29250           0.00109
  -0.45292  -0.44750  -0.45750           0.00094
  -0.45292  -0.44750  -0.20750           0.00127
  -0.45292  -0.19750   0.04250           0.00140
  -0.45292  -0.19750   0.29250           0.00116
  -0.45292  -0.19750  -0.45750           0.00085
  -0.45292  -0.19750  -0.20750           0.00124
  -0.41125   0.05250   0.04250           0.00764
  -0.41125   0.05250   0.29250           0.00644
  -0.41125   0.05250  -0.45750           0.00519
  -0.41125   0.05250  -0.20750           0.00703
  -0.41125   0.30250   0.04250           0.00702
  -0.41125   0.30250   0.29250           0.00628
  -0.41125   0.30250  -0.45750           0.00444
  -0.41125   0.30250  -0.20750           0.00620
  -0.41125  -0.44750   0.04250           0.00705
  -0.41125  -0.44750   0.29250           0.00548
  -0.41125  -0.44750  -0.45750           0.00590
  -0.41125  -0.44750  -0.20750           0.00720
  -0.41125  -0.19750   0.04250           0.00769
  -0.41125  -0.19750   0.29250           0.00620
  -0.41125  -0.19750  -0.45750           0.00579
  -0.41125  -0.19750  -0.20750           0.00750
  -0.36958   0.05250   0.04250           0.00860
  -0.36958   0.05250   0.29250           0.00721
  -0.36958   0.05250  -0.45750           0.00592
  -0.36958   0.05250  -0.20750           0.00798
  -0.36958   0.30250   0.04250           0.00794
  -0.36958   0.30250   0.29250           0.00702
  -0.36958   0.30250  -0.45750           0.00513
  -0.36958   0.30250  -0.20750           0.00710
  -0.36958  -0.44750   0.04250           0.00800
  -0.36958  -0.44750   0.29250           0.00622
  -0.36958  -0.44750  -0.45750           0.00659
  -0.36958  -0.44750  -0.20750           0.00805
  -0.36958  -0.19750   0.04250           0.00864
  -0.36958  -0.19750   0.29250           0.00697
  -0.36958  -0.19750  -0.45750           0.00650
  -0.36958  -0.19750  -0.20750           0.00841
  -0.32792   0.05250   0.04250           0.00672
  -0.32792   0.05250   0.29250           0.00551
  -0.32792   0.05250  -0.45750           0.00466
  -0.32792   0.05250  -0.20750           0.00642
  -0.32792   0.30250   0.04250           0.00636
  -0.32792   0.30250   0.29250           0.00543
  -0.32792   0.30250  -0.45750           0.00393
  -0.32792   0.30250  -0.20750           0.00567
  -0.32792  -0.44750   0.04250           0.00623
  -0.32792  -0.44750   0.29250           0.00487
  -0.32792  -0.44750  -0.45750           0.00521
  -0.32792  -0.44750  -0.20750           0.00648
  -0.32792  -0.19750   0.04250           0.00701
  -0.32792  -0.19750   0.29250           0.00572
  -0.32792  -0.19750  -0.45750           0.00529
  -0.32792  -0.19750  -0.20750           0.00679
  -0.28625   0.05250   0.04250           0.00478
  -0.28625   0.05250   0.29250           0.00406
  -0.28625   0.05250  -0.45750           0.00375
  -0.28625   0.05250  -0.20750           0.00464
  -0.28625   0.30250   0.04250           0.00460
  -0.28625   0.30250   0.29250           0.00407
  -0.28625   0.30250  -0.45750           0.00344
  -0.28625   0.30250  -0.20750           0.00436
  -0.28625  -0.44750   0.04250           0.00440
  -0.28625  -0.44750   0.29250           0.00359
  -0.28625  -0.44750  -0.45750           0.00400
  -0.28625  -0.44750  -0.20750           0.00452
  -0.28625  -0.19750   0.04250           0.00474
  -0.28625  -0.19750   0.29250           0.00397
  -0.28625  -0.19750  -0.45750           0.00412
  -0.28625  -0.19750  -0.20750           0.00480
  -0.24458   0.05250   0.04250           0.00320
  -0.24458   0.05250   0.29250           0.00279
  -0.24458   0.05250  -0.45750           0.00248
  -0.24458   0.05250  -0.20750           0.00305
  -0.24458   0.30250   0.04250           0.00304
  -0.24458   0.30250   0.29250           0.00275
  -0.24458   0.30250  -0.45750           0.00224
  -0.24458   0.30250  -0.20750           0.00283
  -0.24458  -0.44750   0.04250           0.00302
  -0.24458  -0.44750   0.29250           0.00253
  -0.24458  -0.44750  -0.45750           0.00264
  -0.24458  -0.44750  -0.20750           0.00305
  -0.24458  -0.19750   0.04250           0.00319
  -0.24458  -0.19750   0.29250           0.00272
  -0.24458  -0.19750  -0.45750           0.00263
  -0.24458  -0.19750  -0.20750           0.00315
  -0.20292   0.05250   0.04250           0.00200
  -0.20292   0.05250   0.29250           0.00177
  -0.20292   0.05250  -0.45750           0.00153
  -0.20292   0.05250  -0.20750           0.00190
  -0.20292   0.30250   0.04250           0.00185
  -0.20292   0.30250   0.29250           0.00172
  -0.20292   0.30250  -0.45750           0.00136
  -0.20292   0.30250  -0.20750           0.00175
  -0.20292  -0.44750   0.04250           0.00196
  -0.20292  -0.44750   0.29250           0.00171
  -0.20292  -0.44750  -0.45750           0.00165
  -0.20292  -0.44750  -0.20750           0.00195
  -0.20292  -0.19750   0.04250           0.00201
  -0.20292  -0.19750   0.29250           0.00174
  -0.20292  -0.19750  -0.45750           0.00164
  -0.20292  -0.19750  -0.20750           0.00198
  -0.16125   0.05250   0.04250           0.00083
  -0.16125   0.05250   0.29250           0.00072
  -0.16125   0.05250  -0.45750           0.00067
  -0.16125   0.05250  -0.20750           0.00081
  -0.16125   0.30250   0.04250           0.00079
  -0.16125   0.30250   0.29250           0.00071
  -0.16125   0.30250  -0.45750           0.00062
  -0.16125   0.30250  -0.20750           0.00075
  -0.16125  -0.44750   0.04250           0.00081
  -0.16125  -0.44750   0.29250           0.00068
  -0.16125  -0.44750  -0.45750           0.00073
  -0.16125  -0.44750  -0.20750           0.00082
  -0.16125  -0.19750   0.04250           0.00084
  -0.16125  -0.19750   0.29250           0.00072
  -0.16125  -0.19750  -0.45750           0.00072
  -0.16125  -0.19750  -0.20750           0.00084
  -0.11958   0.05250   0.04250           0.00051
  -0.11958   0.05250   0.29250           0.00046
  -0.11958   0.05250  -0.45750           0.00039
  -0.11958   0.05250  -0.20750           0.00048
  -0.11958   0.30250   0.04250           0.00047
  -0.11958   0.30250   0.29250           0.00044
  -0.11958   0.30250  -0.45750           0.00036
  -0.11958   0.30250  -0.20750           0.00044
  -0.11958  -0.44750   0.04250           0.00053
  -0.11958  -0.44750   0.29250           0.00046
  -0.11958  -0.44750  -0.45750           0.00045
  -0.11958  -0.44750  -0.20750           0.00053
  -0.11958  -0.19750   0.04250           0.00053
  -0.11958  -0.19750   0.29250           0.00047
  -0.11958  -0.19750  -0.45750           0.00043
  -0.11958  -0.19750  -0.20750           0.00051
  -0.07792   0.05250   0.04250           0.00030
  -0.07792   0.05250   0.29250           0.00028
  -0.07792   0.05250  -0.45750           0.00022
  -0.07792   0.05250  -0.20750           0.00027
  -0.07792   0.30250   0.04250           0.00027
  -0.07792   0.30250   0.29250           0.00026
  -0.07792   0.30250  -0.45750           0.00020
  -0.07792   0.30250  -0.20750           0.00024
  -0.07792  -0.44750   0.04250           0.00033
  -0.07792  -0.44750   0.29250           0.00030
  -0.07792  -0.44750  -0.45750           0.00027
  -0.07792  -0.44750  -0.20750           0.00032
  -0.07792  -0.19750   0.04250           0.00032
  -0.07792  -0.19750   0.29250           0.00030
  -0.07792  -0.19750  -0.45750           0.00025
  -0.07792  -0.19750  -0.20750           0.00030
  -0.03625   0.05250   0.04250           0.00003
  -0.03625   0.05250   0.29250           0.00003
  -0.03625   0.05250  -0.45750           0.00003
  -0.03625   0.05250  -0.20750           0.00003
  -0.03625   0.30250   0.04250           0.00003
  -0.03625   0.30250   0.29250           0.00003
  -0.03625   0.30250  -0.45750           0.00002
  -0.03625   0.30250  -0.20750           0.00003
  -0.03625  -0.44750   0.04250           0.00004
  -0.03625  -0.44750   0.29250           0.00004
  -0.03625  -0.44750  -0.45750           0.00004
  -0.03625  -0.44750  -0.20750           0.00004
  -0.03625  -0.19750   0.04250           0.00004
  -0.03625  -0.19750   0.29250           0.00004
  -0.03625  -0.19750  -0.45750           0.00003
  -0.03625  -0.19750  -0.20750           0.00004
