#       kx        ky        kz      sum |A(k)|^2
   0.00542   0.05250   0.04250           0.00002
   0.00542   0.05250   0.29250           0.00002
   0.00542   0.05250  -0.45750           0.00002
   0.00542   0.05250  -0.20750           0.00002
   0.00542   0.30250   0.04250           0.00002
   0.00542   0.30250   0.29250           0.00002
   0.00542   0.30250  -0.45750           0.00002
   0.00542   0.30250  -0.20750           0.00002
   0.00542  -0.44750   0.04250           0.00002
   0.00542  -0.44750   0.29250           0.00002
   0.00542  -0.44750  -0.45750           0.00002
   0.00542  -0.44750  -0.20750           0.00002
   0.00542  -0.19750   0.04250           0.00002
   0.00542  -0.19750   0.29250           0.00002
   0.00542  -0.19750  -0.45750           0.00002
   0.00542  -0.19750  -0.20750           0.00002
   0.04708   0.05250   0.04250           0.00004
   0.04708   0.05250   0.29250           0.00004
   0.04708   0.05250  -0.45750           0.00004
   0.04708   0.05250  -0.20750           0.00004
   0.04708   0.30250   0.04250           0.00004
   0.04708   0.30250   0.29250           0.00004
   0.04708   0.30250  -0.45750           0.00003
   0.04708   0.30250  -0.20750           0.00004
   0.04708  -0.44750   0.04250           0.00005
   0.04708  -0.44750   0.29250           0.00005
   0.04708  -0.44750  -0.45750           0.00005
   0.04708  -0.44750  -0.20750           0.00005
   0.04708  -0.19750   0.04250           0.00005
   0.04708  -0.19750   0.29250           0.00005
   0.04708  -0.19750  -0.45750           0.00004
   0.04708  -0.19750  -0.20750           0.00005
   0.08875   0.05250   0.04250           0.00035
   0.08875   0.05250   0.29250           0.00032
   0.08875   0.05250  -0.45750           0.00026
   0.08875   0.05250  -0.20750           0.00032
   0.08875   0.30250   0.04250           0.00031
   0.08875   0.30250   0.29250           0.00030
   0.08875   0.30250  -0.45750           0.00023
   0.08875   0.30250  -0.20750           0.00029
   0.08875  -0.44750   0.04250           0.00038
   0.08875  -0.44750   0.29250           0.00034
   0.08875  -0.44750  -0.45750           0.00031
   0.08875  -0.44750  -0.20750           0.00037
   0.08875  -0.19750   0.04250           0.00037
   0.08875  -0.19750   0.29250           0.00034
   0.08875  -0.19750  -0.45750           0.00029
   0.08875  -0.19750  -0.20750           0.00035
   0.13042   0.05250   0.04250           0.00058
   0.13042   0.05250   0.29250           0.00053
   0.13042   0.05250  -0.45750           0.00046
   0.13042   0.05250  -0.20750           0.00056
   0.13042   0.30250   0.04250           0.00055
   0.13042   0.30250   0.29250           0.00050
   0.13042   0.30250  -0.45750           0.00042
   0.13042   0.30250  -0.20750           0.00051
   0.13042  -0.44750   0.04250           0.00061
   0.13042  -0.44750   0.29250           0.00052
   0.13042  -0.44750  -0.45750           0.00052
   0.13042  -0.44750  -0.20750           0.00060
   0.13042  -0.19750   0.04250           0.00061
   0.13042  -0.19750   0.29250           0.00053
   0.13042  -0.19750  -0.45750           0.00050
   0.13042  -0.19750  -0.20750           0.00059
   0.17208   0.05250   0.04250           0.00096
   0.17208   0.05250   0.29250           0.00084
   0.17208   0.05250  -0.45750           0.00078
   0.17208   0.05250  -0.20750           0.00093
   0.17208   0.30250   0.04250           0.00092
   0.17208   0.30250   0.29250           0.00082
   0.17208   0.30250  -0.45750           0.00073
   0.17208   0.30250  -0.20750           0.00086
   0.17208  -0.44750   0.04250           0.00093
   0.17208  -0.44750   0.29250           0.00078
   0.17208  -0.44750  -0.45750           0.00084
   0.17208  -0.44750  -0.20750           0.00094
   0.17208  -0.19750   0.04250           0.00095
   0.17208  -0.19750   0.29250           0.00082
   0.17208  -0.19750  -0.45750           0.00082
   0.17208  -0.19750  -0.20750           0.00095
   0.21375   0.05250   0.04250           0.00226
   0.21375   0.05250   0.29250           0.00203
   0.21375   0.05250  -0.45750           0.00171
   0.21375   0.05250  -0.20750           0.00211
   0.21375   0.30250   0.04250           0.00213
   0.21375   0.30250   0.29250           0.00196
   0.21375   0.30250  -0.45750           0.00155
   0.21375   0.30250  -0.20750           0.00194
   0.21375  -0.44750   0.04250           0.00220
   0.21375  -0.44750   0.29250           0.00187
   0.21375  -0.44750  -0.45750           0.00185
   0.21375  -0.44750  -0.20750           0.00213
   0.21375  -0.19750   0.04250           0.00228
   0.21375  -0.19750   0.29250           0.00198
   0.21375  -0.19750  -0.45750           0.00179
   0.21375  -0.19750  -0.20750           0.00219
   0.25542   0.05250   0.04250           0.00356
   0.25542   0.05250   0.29250           0.00310
   0.25542   0.05250  -0.45750           0.00276
   0.25542   0.05250  -0.20750           0.00340
   0.25542   0.30250   0.04250           0.00339
   0.25542   0.30250   0.29250           0.00306
   0.25542   0.30250  -0.45750           0.00250
   0.25542   0.30250  -0.20750           0.00315
   0.25542  -0.44750   0.04250           0.00333
   0.25542  -0.44750   0.29250           0.00277
   0.25542  -0.44750  -0.45750           0.00293
   0.25542  -0.44750  -0.20750           0.00337
   0.25542  -0.19750   0.04250           0.00353
   0.25542  -0.19750   0.29250           0.00300
   0.25542  -0.19750  -0.45750           0.00291
   0.25542  -0.19750  -0.20750           0.00348
   0.29708   0.05250   0.04250           0.00543
   0.29708   0.05250   0.29250           0.00476
   0.29708   0.05250  -0.45750           0.00423
   0.29708   0.05250  -0.20750           0.00507
   0.29708   0.30250   0.04250           0.00536
   0.29708   0.30250   0.29250           0.00472
   0.29708   0.30250  -0.45750           0.00392
   0.29708   0.30250  -0.20750           0.00474
   0.29708  -0.44750   0.04250           0.00496
   0.29708  -0.44750   0.29250           0.00407
   0.29708  -0.44750  -0.45750           0.00443
   0.29708  -0.44750  -0.20750           0.00490
   0.29708  -0.19750   0.04250           0.00515
   0.29708  -0.19750   0.29250           0.00429
   0.29708  -0.19750  -0.45750           0.00431
   0.29708  -0.19750  -0.20750           0.00514
   0.33875   0.05250   0.04250           0.00723
   0.33875   0.05250   0.29250           0.00618
   0.33875   0.05250  -0.45750           0.00494
   0.33875   0.05250  -0.20750           0.00661
   0.33875   0.30250   0.04250           0.00666
   0.33875   0.30250   0.29250           0.00596
   0.33875   0.30250  -0.45750           0.00422
   0.33875   0.30250  -0.20750           0.00580
   0.33875  -0.44750   0.04250           0.00667
   0.33875  -0.44750   0.29250           0.00527
   0.33875  -0.44750  -0.45750           0.00545
   0.33875  -0.44750  -0.20750           0.00635
   0.33875  -0.19750   0.04250           0.00719
   0.33875  -0.19750   0.29250           0.00584
   0.33875  -0.19750  -0.45750           0.00517
   0.33875  -0.19750  -0.20750           0.00684
   0.38042   0.05250   0.04250           0.00846
   0.38042   0.05250   0.29250           0.00718
   0.38042   0.05250  -0.45750           0.00578
   0.38042   0.05250  -0.20750           0.00782
   0.38042   0.30250   0.04250           0.00778
   0.38042   0.30250   0.29250           0.00699
   0.38042   0.30250  -0.45750           0.00500
   0.38042   0.30250  -0.20750           0.00693
   0.38042  -0.44750   0.04250           0.00785
   0.38042  -0.44750   0.29250           0.00615
   0.38042  -0.44750  -0.45750           0.00646
   0.38042  -0.44750  -0.20750           0.00789
   0.38042  -0.19750   0.04250           0.00850
   0.38042  -0.19750   0.29250           0.00691
   0.38042  -0.19750  -0.45750           0.00635
   0.38042  -0.19750  -0.20750           0.00825
   0.42208   0.05250   0.04250           0.00702
   0.42208   0.05250   0.29250           0.00596
   0.42208   0.05250  -0.45750           0.00470
   0.42208   0.05250  -0.20750           0.00640
   0.42208   0.30250   0.04250           0.00640
   0.42208   0.30250   0.29250           0.00577
   0.42208   0.30250  -0.45750           0.00398
   0.42208   0.30250  -0.20750           0.00561
   0.42208  -0.44750   0.04250           0.00652
   0.42208  -0.44750   0.29250           0.00505
   0.42208  -0.44750  -0.45750           0.00541
   0.42208  -0.44750  -0.20750           0.00656
   0.42208  -0.19750   0.04250           0.00712
   0.42208  -0.19750   0.29250           0.00576
   0.42208  -0.19750  -0.45750           0.00527
   0.42208  -0.19750  -0.20750           0.00684
   0.46375   0.05250   0.04250           0.00072
   0.46375   0.05250   0.29250           0.00065
   0.46375   0.05250  -0.45750           0.00035
   0.46375   0.05250  -0.20750           0.00057
   0.46375   0.30250   0.04250           0.00057
   0.46375   0.30250   0.29250           0.00055
   0.46375   0.30250  -0.45750           0.00026
   0.46375   0.30250  -0.20750           0.00043
   0.46375  -0.44750   0.04250           0.00085
   0.46375  -0.44750   0.29250           0.00069
   0.46375  -0.44750  -0.45750           0.00055
   0.46375  -0.44750  -0.20750           0.00077
   0.46375  -0.19750   0.04250           0.00085
   0.46375  -0.19750   0.29250           0.00072
   0.46375  -0.19750  -0.45750           0.00048
   0.46375  -0.19750  -0.20750           0.00072
  -0.49458   0.05250   0.04250           0.00007
  -0.49458   0.05250   0.29250           0.00004
  -0.49458   0.05250  -0.45750           0.00010
  -0.49458   0.05250  -0.20750           0.00010
  -0.49458   0.30250   0.04250           0.00009
  -0.49458   0.30250   0.29250           0.00006
  -0.49458   0.30250  -0.45750           0.00011
  -0.49458   0.30250  -0.20750           0.00012
  -0.49458  -0.44750   0.04250           0.00003
  -0.49458  -0.44750   0.29250           0.00002
  -0.49458  -0.44750  -0.45750           0.00004
  -0.49458  -0.44750  -0.20750           0.00004
  -0.49458  -0.19750   0.04250           0.00004
  -0.49458  -0.19750   0.29250           0.00003
  -0.49458  -0.19750  -0.45750           0.00007
  -0.49458  -0.19750  -0.20750           0.00006
  -0.45292   0.05250   0.04250           0.00142
  -0.45292   0.05250   0.29250           0.00104
  -0.45292   0.05250  -0.45750           0.00117
  -0.45292   0.05250  -0.20750           0.00148
  -0.45292   0.30250   0.04250           0.00145
  -0.45292   0.30250   0.29250           0.00114
  -0.45292   0.30250  -0.45750           0.00109
  -0.45292   0.30250  -0.20750           0.00145
  -0.45292  -0.44750   0.04250           0.00093
  -0.45292  -0.44750   0.29250           0.00062
  -0.45292  -0.44750  -0.45750           0.00098
  -0.45292  -0.44750  -0.20750           0.00109
  -0.45292  -0.19750   0.04250           0.00117
  -0.45292  -0.19750   0.29250           0.00082
  -0.45292  -0.19750  -0.45750           0.00110
  -0.45292  -0.19750  -0.20750           0.00132
  -0.41125   0.05250   0.04250           0.00797
  -0.41125   0.05250   0.29250           0.00645
  -0.41125   0.05250  -0.45750           0.00587
  -0.41125   0.05250  -0.20750           0.00767
  -0.41125   0.30250   0.04250           0.00765
  -0.41125   0.30250   0.29250           0.00658
  -0.41125   0.30250  -0.45750           0.00521
  -0.41125   0.30250  -0.20750           0.00705
  -0.41125  -0.44750   0.04250           0.00652
  -0.41125  -0.44750   0.29250           0.00493
  -0.41125  -0.44750  -0.45750           0.00595
  -0.41125  -0.44750  -0.20750           0.00695
  -0.41125  -0.19750   0.04250           0.00745
  -0.41125  -0.19750   0.29250           0.00580
  -0.41125  -0.19750  -0.45750           0.00613
  -0.41125  -0.19750  -0.20750           0.00759
  -0.36958   0.05250   0.04250           0.00886
  -0.36958   0.05250   0.29250           0.00717
  -0.36958   0.05250  -0.45750           0.00657
  -0.36958   0.05250  -0.20750           0.00854
  -0.36958   0.30250   0.04250           0.00854
  -0.36958   0.30250   0.29250           0.00727
  -0.36958   0.30250  -0.45750           0.00594
  -0.36958   0.30250  -0.20750           0.00790
  -0.36958  -0.44750   0.04250           0.00741
  -0.36958  -0.44750   0.29250           0.00564
  -0.36958  -0.44750  -0.45750           0.00660
  -0.36958  -0.44750  -0.20750           0.00778
  -0.36958  -0.19750   0.04250           0.00838
  -0.36958  -0.19750   0.29250           0.00653
  -0.36958  -0.19750  -0.45750           0.00678
  -0.36958  -0.19750  -0.20750           0.00847
  -0.32792   0.05250   0.04250           0.00680
  -0.32792   0.05250   0.29250           0.00535
  -0.32792   0.05250  -0.45750           0.00521
  -0.32792   0.05250  -0.20750           0.00689
  -0.32792   0.30250   0.04250           0.00677
  -0.32792   0.30250   0.29250           0.00549
  -0.32792   0.30250  -0.45750           0.00465
  -0.32792   0.30250  -0.20750           0.00638
  -0.32792  -0.44750   0.04250           0.00569
  -0.32792  -0.44750   0.29250           0.00425
  -0.32792  -0.44750  -0.45750           0.00527
  -0.32792  -0.44750  -0.20750           0.00622
  -0.32792  -0.19750   0.04250           0.00666
  -0.32792  -0.19750   0.29250           0.00519
  -0.32792  -0.19750  -0.45750           0.00563
  -0.32792  -0.19750  -0.20750           0.00685
  -0.28625   0.05250   0.04250           0.00476
  -0.28625   0.05250   0.29250           0.00409
  -0.28625   0.05250  -0.45750           0.00369
  -0.28625   0.05250  -0.20750           0.00459
  -0.28625   0.30250   0.04250           0.00459
  -0.28625   0.30250   0.29250           0.00411
  -0.28625   0.30250  -0.45750           0.00337
  -0.28625   0.30250  -0.20750           0.00432
  -0.28625  -0.44750   0.04250           0.00433
  -0.28625  -0.44750   0.29250           0.00358
  -0.28625  -0.44750  -0.45750           0.00386
  -0.28625  -0.44750  -0.20750           0.00440
  -0.28625  -0.19750   0.04250           0.00467
  -0.28625  -0.19750   0.29250           0.00394
  -0.28625  -0.19750  -0.45750           0.00397
  -0.28625  -0.19750  -0.20750           0.00468
  -0.24458   0.05250   0.04250           0.00315
  -0.24458   0.05250   0.29250           0.00270
  -0.24458   0.05250  -0.45750           0.00256
  -0.24458   0.05250  -0.20750           0.00309
  -0.24458   0.30250   0.04250           0.00307
  -0.24458   0.30250   0.29250           0.00272
  -0.24458   0.30250  -0.45750           0.00238
  -0.24458   0.30250  -0.20750           0.00294
  -0.24458  -0.44750   0.04250           0.00282
  -0.24458  -0.44750   0.29250           0.00231
  -0.24458  -0.44750  -0.45750           0.00258
  -0.24458  -0.44750  -0.20750           0.00291
  -0.24458  -0.19750   0.04250           0.00305
  -0.24458  -0.19750   0.29250           0.00255
  -0.24458  -0.19750  -0.45750           0.00263
  -0.24458  -0.19750  -0.20750           0.00308
  -0.20292   0.05250   0.04250           0.00195
  -0.20292   0.05250   0.29250           0.00163
  -0.20292   0.05250  -0.45750           0.00166
  -0.20292   0.05250  -0.20750           0.00199
  -0.20292   0.30250   0.04250           0.00192
  -0.20292   0.30250   0.29250           0.00167
  -0.20292   0.30250  -0.45750           0.00159
  -0.20292   0.30250  -0.20750           0.00193
  -0.20292  -0.44750   0.04250           0.00170
  -0.20292  -0.44750   0.29250           0.00141
  -0.20292  -0.44750  -0.45750           0.00164
  -0.20292  -0.44750  -0.20750           0.00181
  -0.20292  -0.19750   0.04250           0.00184
  -0.20292  -0.19750   0.29250           0.00153
  -0.20292  -0.19750  -0.45750           0.00171
  -0.20292  -0.19750  -0.20750           0.00195
  -0.16125   0.05250   0.04250           0.00080
  -0.16125   0.05250   0.29250           0.00070
  -0.16125   0.05250  -0.45750           0.00066
  -0.16125   0.05250  -0.20750           0.00078
  -0.16125   0.30250   0.04250           0.00079
  -0.16125   0.30250   0.29250           0.00071
  -0.16125   0.30250  -0.45750           0.00062
  -0.16125   0.30250  -0.20750           0.00076
  -0.16125  -0.44750   0.04250           0.00071
  -0.16125  -0.44750   0.29250           0.00060
  -0.16125  -0.44750  -0.45750           0.00064
  -0.16125  -0.44750  -0.20750           0.00072
  -0.16125  -0.19750   0.04250           0.00076
  -0.16125  -0.19750   0.29250           0.00065
  -0.16125  -0.19750  -0.45750           0.00066
  -0.16125  -0.19750  -0.20750           0.00076
  -0.11958   0.05250   0.04250           0.00048
  -0.11958   0.05250   0.29250           0.00041
  -0.11958   0.05250  -0.45750           0.00042
  -0.11958   0.05250  -0.20750           0.00048
  -0.11958   0.30250   0.04250           0.00050
  -0.11958   0.30250   0.29250           0.00043
  -0.11958   0.30250  -0.45750           0.00041
  -0.11958   0.30250  -0.20750           0.00049
  -0.11958  -0.44750   0.04250           0.00041
  -0.11958  -0.44750   0.29250           0.00034
  -0.11958  -0.44750  -0.45750           0.00039
  -0.11958  -0.44750  -0.20750           0.00043
  -0.11958  -0.19750   0.04250           0.00045
  -0.11958  -0.19750   0.29250           0.00038
  -0.11958  -0.19750  -0.45750           0.00041
  -0.11958  -0.19750  -0.20750           0.00046
  -0.07792   0.05250   0.04250           0.00028
  -0.07792   0.05250   0.29250           0.00023
  -0.07792   0.05250  -0.45750           0.00026
  -0.07792   0.05250  -0.20750           0.00029
  -0.07792   0.30250   0.04250           0.00030
  -0.07792   0.30250   0.29250           0.00025
  -0.07792   0.30250  -0.45750           0.00027
  -0.07792   0.30250  -0.20750           0.00030
  -0.07792  -0.44750   0.04250           0.00022
  -0.07792  -0.44750   0.29250           0.00018
  -0.07792  -0.44750  -0.45750           0.00023
  -0.07792  -0.44750  -0.20750           0.00024
  -0.07792  -0.19750   0.04250           0.00025
  -0.07792  -0.19750   0.29250           0.00021
  -0.07792  -0.19750  -0.45750           0.00025
  -0.07792  -0.19750  -0.20750           0.00027
  -0.03625   0.05250   0.04250           0.00003
  -0.03625   0.05250   0.29250           0.00003
  -0.03625   0.05250  -0.45750           0.00003
  -0.03625   0.05250  -0.20750           0.00003
  -0.03625   0.30250   0.04250           0.00003
  -0.03625   0.30250   0.29250           0.00003
  -0.03625   0.30250  -0.45750           0.00003
  -0.03625   0.30250  -0.20750           0.00003
  -0.03625  -0.44750   0.04250           0.00002
  -0.03625  -0.44750   0.29250           0.00002
  -0.03625  -0.44750  -0.45750           0.00002
  -0.03625  -0.44750  -0.20750           0.00002
  -0.03625  -0.19750   0.04250           0.00003
  -0.03625  -0.19750   0.29250           0.00002
  -0.03625  -0.19750  -0.45750           0.00003
  -0.03625  -0.19750  -0.20750           0.00003
