#       kx        ky        kz      sum |A(k)|^2
   0.02937   0.18500   0.15500           0.01368
   0.02937   0.18500  -0.34500           0.01230
   0.02937  -0.31500   0.15500           0.01304
   0.02937  -0.31500  -0.34500           0.01413
   0.09187   0.18500   0.15500           0.00807
   0.09187   0.18500  -0.34500           0.00715
   0.09187  -0.31500   0.15500           0.00753
   0.09187  -0.31500  -0.34500           0.00752
   0.15438   0.18500   0.15500           0.00632
   0.15438   0.18500  -0.34500           0.00602
   0.15438  -0.31500   0.15500           0.00585
   0.15438  -0.31500  -0.34500           0.00617
   0.21688   0.18500   0.15500           0.00190
   0.21688   0.18500  -0.34500           0.00163
   0.21688  -0.31500   0.15500           0.00175
   0.21688  -0.31500  -0.34500           0.00167
   0.27937   0.18500   0.15500           0.00070
   0.27937   0.18500  -0.34500           0.00064
   0.27937  -0.31500   0.15500           0.00064
   0.27937  -0.31500  -0.34500           0.00063
   0.34187   0.18500   0.15500           0.00938
   0.34187   0.18500  -0.34500           0.00824
   0.34187  -0.31500   0.15500           0.00813
   0.34187  -0.31500  -0.34500           0.00839
   0.40437   0.18500   0.15500           0.02962
   0.40437   0.18500  -0.34500           0.02530
   0.40437  -0.31500   0.15500           0.02491
   0.40437  -0.31500  -0.34500           0.02711
   0.46687   0.18500   0.15500           0.06078
   0.46687   0.18500  -0.34500           0.05255
   0.46687  -0.31500   0.15500           0.05206
   0.46687  -0.31500  -0.34500           0.05577
  -0.47062   0.18500   0.15500           0.06308
  -0.47062   0.18500  -0.34500           0.05122
  -0.47062  -0.31500   0.15500           0.05640
  -0.47062  -0.31500  -0.34500           0.05969
  -0.40812   0.18500   0.15500           0.03722
  -0.40812   0.18500  -0.34500           0.02953
  -0.40812  -0.31500   0.15500           0.03384
  -0.40812  -0.31500  -0.34500           0.03301
  -0.34562   0.18500   0.15500           0.01300
  -0.34562   0.18500  -0.34500           0.01079
  -0.34562  -0.31500   0.15500           0.01177
  -0.34562  -0.31500  -0.34500           0.01204
  -0.28312   0.18500   0.15500           0.00035
  -0.28312   0.18500  -0.34500           0.00032
  -0.28312  -0.31500   0.15500           0.00037
  -0.28312  -0.31500  -0.34500           0.00035
  -0.22062   0.18500   0.15500           0.00122
  -0.22062   0.18500  -0.34500           0.00109
  -0.22062  -0.31500   0.15500           0.00125
  -0.22062  -0.31500  -0.34500           0.00123
  -0.15812   0.18500   0.15500           0.00578
  -0.15812   0.18500  -0.34500           0.00505
  -0.15812  -0.31500   0.15500           0.00569
  -0.15812  -0.31500  -0.34500           0.00543
  -0.09562   0.18500   0.15500           0.00750
  -0.09562   0.18500  -0.34500           0.00694
  -0.09562  -0.31500   0.15500           0.00704
  -0.09562  -0.31500  -0.34500           0.00732
  -0.03312   0.18500   0.15500           0.01461
  -0.03312   0.18500  -0.34500           0.01264
  -0.03312  -0.31500   0.15500           0.01224
  -0.03312  -0.31500  -0.34500           0.01242
