#       kx        ky        kz      sum |A(k)|^2
   0.02937   0.18500   0.15500           0.00013
   0.02937   0.18500  -0.34500           0.00015
   0.02937  -0.31500   0.15500           0.00010
   0.02937  -0.31500  -0.34500           0.00011
   0.09187   0.18500   0.15500           0.00180
   0.09187   0.18500  -0.34500           0.00184
   0.09187  -0.31500   0.15500           0.00146
   0.09187  -0.31500  -0.34500           0.00162
   0.15438   0.18500   0.15500           0.00373
   0.15438   0.18500  -0.34500           0.00348
   0.15438  -0.31500   0.15500           0.00332
   0.15438  -0.31500  -0.34500           0.00337
   0.21688   0.18500   0.15500           0.01207
   0.21688   0.18500  -0.34500           0.01119
   0.21688  -0.31500   0.15500           0.01080
   0.21688  -0.31500  -0.34500           0.01127
   0.27937   0.18500   0.15500           0.02336
   0.27937   0.18500  -0.34500           0.02077
   0.27937  -0.31500   0.15500           0.02172
   0.27937  -0.31500  -0.34500           0.02148
   0.34187   0.18500   0.15500           0.04196
   0.34187   0.18500  -0.34500           0.03733
   0.34187  -0.31500   0.15500           0.03525
   0.34187  -0.31500  -0.34500           0.03697
   0.40437   0.18500   0.15500           0.04796
   0.40437   0.18500  -0.34500           0.04303
   0.40437  -0.31500   0.15500           0.03941
   0.40437  -0.31500  -0.34500           0.04320
   0.46687   0.18500   0.15500           0.00544
   0.46687   0.18500  -0.34500           0.00592
   0.46687  -0.31500   0.15500           0.00261
   0.46687  -0.31500  -0.34500           0.00434
  -0.47062   0.18500   0.15500           0.00417
  -0.47062   0.18500  -0.34500           0.00181
  -0.47062  -0.31500   0.15500           0.00610
  -0.47062  -0.31500  -0.34500           0.00392
  -0.40812   0.18500   0.15500           0.04658
  -0.40812   0.18500  -0.34500           0.03516
  -0.40812  -0.31500   0.15500           0.04540
  -0.40812  -0.31500  -0.34500           0.04463
  -0.34562   0.18500   0.15500           0.04226
  -0.34562   0.18500  -0.34500           0.03232
  -0.34562  -0.31500   0.15500           0.04074
  -0.34562  -0.31500  -0.34500           0.03876
  -0.28312   0.18500   0.15500           0.02372
  -0.28312   0.18500  -0.34500           0.02111
  -0.28312  -0.31500   0.15500           0.02245
  -0.28312  -0.31500  -0.34500           0.02346
  -0.22062   0.18500   0.15500           0.01251
  -0.22062   0.18500  -0.34500           0.01072
  -0.22062  -0.31500   0.15500           0.01246
  -0.22062  -0.31500  -0.34500           0.01198
  -0.15812   0.18500   0.15500           0.00375
  -0.15812   0.18500  -0.34500           0.00345
  -0.15812  -0.31500   0.15500           0.00381
  -0.15812  -0.31500  -0.34500           0.00384
  -0.09562   0.18500   0.15500           0.00179
  -0.09562   0.18500  -0.34500           0.00151
  -0.09562  -0.31500   0.15500           0.00202
  -0.09562  -0.31500  -0.34500           0.00184
  -0.03312   0.18500   0.15500           0.00012
  -0.03312   0.18500  -0.34500           0.00011
  -0.03312  -0.31500   0.15500           0.00017
  -0.03312  -0.31500  -0.34500           0.00015
