#       kx        ky        kz      sum |A(k)|^2
   0.02937   0.18500   0.15500           0.00663
   0.02937   0.18500  -0.34500           0.00585
   0.02937  -0.31500   0.15500           0.00649
   0.02937  -0.31500  -0.34500           0.00625
   0.09187   0.18500   0.15500           0.00516
   0.09187   0.18500  -0.34500           0.00488
   0.09187  -0.31500   0.15500           0.00498
   0.09187  -0.31500  -0.34500           0.00513
   0.15438   0.18500   0.15500           0.00492
   0.15438   0.18500  -0.34500           0.00431
   0.15438  -0.31500   0.15500           0.00507
   0.15438  -0.31500  -0.34500           0.00478
   0.21688   0.18500   0.15500           0.00173
   0.21688   0.18500  -0.34500           0.00155
   0.21688  -0.31500   0.15500           0.00173
   0.21688  -0.31500  -0.34500           0.00171
   0.27937   0.18500   0.15500           0.00066
   0.27937   0.18500  -0.34500           0.00059
   0.27937  -0.31500   0.15500           0.00069
   0.27937  -0.31500  -0.34500           0.00066
   0.34187   0.18500   0.15500           0.00580
   0.34187   0.18500  -0.34500           0.00482
   0.34187  -0.31500   0.15500           0.00545
   0.34187  -0.31500  -0.34500           0.00527
   0.40437   0.18500   0.15500           0.02242
   0.40437   0.18500  -0.34500           0.01806
   0.40437  -0.31500   0.15500           0.02118
   0.40437  -0.31500  -0.34500           0.02071
   0.46687   0.18500   0.15500           0.08855
   0.46687   0.18500  -0.34500           0.06817
   0.46687  -0.31500   0.15500           0.08095
   0.46687  -0.31500  -0.34500           0.08072
  -0.47062   0.18500   0.15500           0.09043
  -0.47062   0.18500  -0.34500           0.07468
  -0.47062  -0.31500   0.15500           0.07805
  -0.47062  -0.31500  -0.34500           0.07924
  -0.40812   0.18500   0.15500           0.02343
  -0.40812   0.18500  -0.34500           0.02054
  -0.40812  -0.31500   0.15500           0.01989
  -0.40812  -0.31500  -0.34500           0.02224
  -0.34562   0.18500   0.15500           0.00631
  -0.34562   0.18500  -0.34500           0.00560
  -0.34562  -0.31500   0.15500           0.00545
  -0.34562  -0.31500  -0.34500           0.00589
  -0.28312   0.18500   0.15500           0.00061
  -0.28312   0.18500  -0.34500           0.00056
  -0.28312  -0.31500   0.15500           0.00056
  -0.28312  -0.31500  -0.34500           0.00055
  -0.22062   0.18500   0.15500           0.00171
  -0.22062   0.18500  -0.34500           0.00150
  -0.22062  -0.31500   0.15500           0.00157
  -0.22062  -0.31500  -0.34500           0.00152
  -0.15812   0.18500   0.15500           0.00492
  -0.15812   0.18500  -0.34500           0.00482
  -0.15812  -0.31500   0.15500           0.00440
  -0.15812  -0.31500  -0.34500           0.00469
  -0.09562   0.18500   0.15500           0.00522
  -0.09562   0.18500  -0.34500           0.00465
  -0.09562  -0.31500   0.15500           0.00497
  -0.09562  -0.31500  -0.34500           0.00483
  -0.03312   0.18500   0.15500           0.00656
  -0.03312   0.18500  -0.34500           0.00632
  -0.03312  -0.31500   0.15500           0.00609
  -0.03312  -0.31500  -0.34500           0.00637
