#       kx        ky        kz      sum |A(k)|^2
   0.02937   0.18500   0.15500           0.00012
   0.02937   0.18500  -0.34500           0.00012
   0.02937  -0.31500   0.15500           0.00014
   0.02937  -0.31500  -0.34500           0.00013
   0.09187   0.18500   0.15500           0.00163
   0.09187   0.18500  -0.34500           0.00137
   0.09187  -0.31500   0.15500           0.00186
   0.09187  -0.31500  -0.34500           0.00166
   0.15438   0.18500   0.15500           0.00354
   0.15438   0.18500  -0.34500           0.00319
   0.15438  -0.31500   0.15500           0.00363
   0.15438  -0.31500  -0.34500           0.00358
   0.21688   0.18500   0.15500           0.01251
   0.21688   0.18500  -0.34500           0.01049
   0.21688  -0.31500   0.15500           0.01251
   0.21688  -0.31500  -0.34500           0.01168
   0.27937   0.18500   0.15500           0.02425
   0.27937   0.18500  -0.34500           0.02135
   0.27937  -0.31500   0.15500           0.02318
   0.27937  -0.31500  -0.34500           0.02310
   0.34187   0.18500   0.15500           0.04504
   0.34187   0.18500  -0.34500           0.03452
   0.34187  -0.31500   0.15500           0.04338
   0.34187  -0.31500  -0.34500           0.03954
   0.40437   0.18500   0.15500           0.04954
   0.40437   0.18500  -0.34500           0.03685
   0.40437  -0.31500   0.15500           0.04706
   0.40437  -0.31500  -0.34500           0.04516
   0.46687   0.18500   0.15500           0.00339
   0.46687   0.18500  -0.34500           0.00187
   0.46687  -0.31500   0.15500           0.00434
   0.46687  -0.31500  -0.34500           0.00332
  -0.47062   0.18500   0.15500           0.00156
  -0.47062   0.18500  -0.34500           0.00188
  -0.47062  -0.31500   0.15500           0.00063
  -0.47062  -0.31500  -0.34500           0.00120
  -0.40812   0.18500   0.15500           0.04466
  -0.40812   0.18500  -0.34500           0.03862
  -0.40812  -0.31500   0.15500           0.03616
  -0.40812  -0.31500  -0.34500           0.03856
  -0.34562   0.18500   0.15500           0.04237
  -0.34562   0.18500  -0.34500           0.03699
  -0.34562  -0.31500   0.15500           0.03503
  -0.34562  -0.31500  -0.34500           0.03838
  -0.28312   0.18500   0.15500           0.02506
  -0.28312   0.18500  -0.34500           0.02209
  -0.28312  -0.31500   0.15500           0.02304
  -0.28312  -0.31500  -0.34500           0.02378
  -0.22062   0.18500   0.15500           0.01332
  -0.22062   0.18500  -0.34500           0.01259
  -0.22062  -0.31500   0.15500           0.01198
  -0.22062  -0.31500  -0.34500           0.01269
  -0.15812   0.18500   0.15500           0.00437
  -0.15812   0.18500  -0.34500           0.00410
  -0.15812  -0.31500   0.15500           0.00393
  -0.15812  -0.31500  -0.34500           0.00400
  -0.09562   0.18500   0.15500           0.00217
  -0.09562   0.18500  -0.34500           0.00222
  -0.09562  -0.31500   0.15500           0.00180
  -0.09562  -0.31500  -0.34500           0.00199
  -0.03312   0.18500   0.15500           0.00022
  -0.03312   0.18500  -0.34500           0.00023
  -0.03312  -0.31500   0.15500           0.00015
  -0.03312  -0.31500  -0.34500           0.00017
